7211.501109240111 1.0010632263696668 0.002777760678405764
7211.501974939834 0.9975123778063614 0.002766688805021776
7211.502850220073 1.0011332488222218 0.00277313984326841
7211.503707420081 0.999005754499667 0.00277063170257135
7211.504565340001 0.9982744114349579 0.002767363532752477
7211.505435539875 1.0001974934850626 0.002779551727064889
7211.506295999978 0.9982784995197757 0.002775171524035471
7211.5071595199415 1.0033368125104547 0.002792142384785529
7211.508015939966 1.0040459948922626 0.0027925397170280447
7211.508875119965 1.000986281917693 0.0027882503200364365
7211.509744610172 1.00541526391987 0.0027964973884191968
7211.51060162997 1.0017389049137206 0.0027883480376460785
7211.511463339906 0.9973003854498402 0.0027784321477839404
7211.512319270056 1.0007765389413736 0.002791672973557315
7211.51317556994 0.9988824424111141 0.00278154579385304
7211.514046680182 0.9981722401802025 0.0027795077898750613
7211.514912980143 0.9990355655136117 0.002793645730357114
7211.515775050037 0.9999684256600604 0.0028027089692248064
7211.516633519904 0.9971640437504596 0.002783877590069594
7211.517494149972 0.998789053803752 0.00279012723133966
7211.518362740055 0.9982989006767854 0.002787409664860164
7211.519230059815 0.9991940952269184 0.0027920929865268397
7211.52009015018 1.0017424403986075 0.0028054005935945325
7211.520953860134 0.9996933850432161 0.002832429780990021
7211.521815990098 1.0017774462244273 0.0028151303662766274
7211.522685649805 0.9993781861473222 0.002809077568479003
7211.5235484601 1.0004265169504067 0.002816708122783752
7211.524409090169 0.9957869941428042 0.002808663326941429
7211.525272069965 0.9971150695794444 0.00281343801932976
7211.526129799895 1.0000804985584404 0.002814670827641186
7211.526998030022 1.0000463650330815 0.0028150687047320396
7211.527867710219 0.9995400889808483 0.002809130600395507
7211.528730819933 1.0013664698524976 0.0028236188978771172
7211.529596339911 1.00160409934665 0.002822902050117607
7211.530462389812 1.0005897768210958 0.0028170721200843425
7211.5313487001695 0.9988208475785276 0.0028209651882044016
7211.532209340017 0.9992030931460792 0.002822076262523373
7211.5330672599375 0.9980295240012548 0.0028112288842166077
7211.533928070217 1.0007813669296217 0.002817039180843624
7211.534800999799 0.9979595675037946 0.002806416602324656
7211.53567173006 0.9999375510717914 0.002817606271955235
7211.536529469769 1.0040561851223486 0.002816296324629397
7211.537383589894 1.0017986305097257 0.0028141807603167517
7211.538243319839 1.0014593689581102 0.002813388932788489
7211.5391117199315 1.0044107192875442 0.002835448528803077
7211.540029310157 0.9980216965885825 0.002832844660839928
7211.54089519009 0.9997066379156979 0.002853699095225363
7211.541759259999 0.9971483799955497 0.002855336602081666
7211.542628509925 1.0002352238486527 0.0028558064985789665
7211.543489859905 1.003314321239352 0.0028503625692843826
7211.54435935989 0.998805130846839 0.002837185966828387
7211.545227569994 0.9988732913580722 0.002851074352199162
7211.546092370058 1.001006981682933 0.0028468804323570525
7211.546954980121 1.0014179551664477 0.002863442472125885
7211.547818140127 1.000544522184332 0.0028542764809733265
7211.548699940089 1.0002235618086308 0.002871084059920073
7211.549561679829 0.9967424306254309 0.002863164505278484
7211.550430079922 0.9955756142560827 0.0028745083186599678
7211.551299570128 0.9975093129938686 0.0028613766657758647
7211.552161660045 0.9961506072469153 0.002862865227836457
7211.553032599854 0.9979540389830204 0.002851138507757892
7211.553894670214 0.996578849505568 0.0028786651391983363
7211.5547574697985 0.9988077837331611 0.002890084451793335
7211.555617010221 1.0002239057808313 0.002904755406263548
7211.556474329904 0.9990790868795152 0.0028891020944308435
7211.557334589772 0.9949358991853351 0.002875697852483624
7211.558188539929 1.0006736020278562 0.0029095566950900487
7211.5590431899755 0.9975933765198224 0.002888558360737606
7211.55989750009 0.9998530616238976 0.0029138036630874213
7211.560756320135 1.0002359764690745 0.00289521309213392
7211.56162654003 0.999559780047944 0.002921918355355444
7211.562486620154 1.0036493162648858 0.0029248474459782664
7211.563347870018 0.9999032996082314 0.002917748702253553
7211.56420578016 0.9987116961051913 0.0029174893651411553
7211.56507328013 0.9950396147435725 0.002914231057193493
7211.565946029965 0.9947911067915318 0.002895714164042237
7211.5668059401205 0.9953909602856207 0.002918727454928977
7211.5676667499365 0.9996919328831146 0.002943141546817044
7211.568527370226 1.0017076610941287 0.002957009113053933
7211.569386740215 0.9966397020335627 0.0029194968342358143
7211.570254929829 0.9973228504318372 0.00292790816220401
7211.571117380168 0.9953211576432697 0.0029366612479033807
7211.571980540175 0.9965364265345127 0.002931997861685007
7211.572844239883 0.9988033909955324 0.0029633778224250804
7211.573711920063 0.9934131762877076 0.0029672923172298173
7211.574581239837 0.992279644080309 0.0029231037235540533
7211.575442770029 0.9960694292033258 0.0029582724088428694
7211.576307009906 0.9976749376027892 0.0029403719787776173
7211.577167280018 0.994179326698558 0.0029476552872381824
7211.578026690055 0.9974173263319679 0.002938033823999172
7211.578897269908 0.996743572604542 0.002977498113078309
7211.579756460153 0.99720152364894 0.0029741051462028843
7211.580628850032 0.9924678549397186 0.002928997808123261
7211.581491109914 0.9920081397193117 0.00295511854412132
7211.582355889957 0.9951864507688419 0.002989015128346853
7211.583227199968 0.9981657671722036 0.0029805106326096747
7211.584101200104 0.9907705707175235 0.002946776305400636
7211.584960659966 0.9921001785274088 0.002971543152864777
7211.5858209300795 0.9953112657912754 0.00296650182326851
7211.586679390166 0.9931549795235934 0.002983523244222941
7211.58754653018 0.9931591427194932 0.002995179354843214
7211.588415119797 0.9915538726646599 0.002978727826370361
7211.58927248977 0.9938880027270396 0.0029801477615803967
7211.5901311300695 0.9974244573105795 0.003018772387040743
7211.5909955599345 0.9949874205723304 0.0030158742730757512
7211.591869430152 0.9985916000789241 0.002986052700712369
7211.59273006022 0.9916681934312851 0.0029773449337942084
7211.593590510078 0.9948864485271586 0.0030000565707929464
7211.5944525799705 0.990555105591083 0.0030069666624561913
7211.595310680103 0.9955201290815352 0.0030310179866630932
7211.596178370062 0.9946354435743846 0.0030450774108769247
7211.597038810141 0.9931079068662616 0.0030066198799280964
7211.597900889815 0.9936682328611162 0.0030345628682486624
7211.5987644298 0.9982576774407113 0.0030689347270913274
7211.599625600035 0.9941291313368634 0.003025227762258656
7211.6004943698645 0.9931973500914407 0.003005259811458732
7211.6013490399355 0.9942185613877644 0.0030465514624391076
7211.602211469784 0.9953866464831042 0.003040712036818541
7211.603075169958 0.9922071358476667 0.00304896193762373
7211.603936349973 0.995165397607804 0.0030635837393108768
7211.604803480208 0.9955557676883163 0.0030302713116171303
7211.605665680021 0.9930034130105945 0.003026295882247319
7211.606533729937 0.9965400028415292 0.003079250742641647
7211.607395260129 0.9955130544204249 0.0030604226398731
7211.608258610126 0.9939635149229402 0.0030635643636730075
7211.609126289842 0.9902168588654913 0.0030538421685343932
7211.6099854698405 0.9960854455950556 0.0030922401056821124
7211.610849900171 0.9976473908518355 0.0031116016537442873
7211.611708540004 0.9945712586360618 0.003051980339925447
7211.61257220991 0.9933507649329029 0.0030465935518337235
7211.613438810222 0.9900962923906883 0.003008998326978097
7211.6142983599575 0.9965088412508929 0.0030446847588850644
7211.6151651297705 0.9928154743914611 0.0030526359535614023
7211.61602811981 0.9947069305246885 0.003043117717236882
7211.61689542979 0.9944875855627225 0.0030384261797765585
7211.617765109987 0.9906047772336616 0.0030083007295282982
7211.618639660069 0.9915419936275959 0.0030009419328020487
7211.6194979301645 0.9931320106688359 0.003040274510715717
7211.620352239815 0.990395687762381 0.003023693962301936
7211.621206180192 0.9922691901199054 0.003056813050262889
7211.622066990008 0.9931351186050389 0.0030570307556282905
7211.622920739929 0.9916044417435407 0.003047965956618157
7211.623773780186 0.9885723690619127 0.0030105904962957875
7211.624627890064 0.9932520609038605 0.003044972746413565
7211.625481660012 0.9957426754605514 0.0037686512480533327
7211.626344840041 0.9980502163292654 0.003062849648755195
7211.627197870052 0.9902259957250407 0.003018448838967614
7211.628050010186 0.9958620014441342 0.003037283819398961
7211.628904310055 0.9951625562053121 0.003022582360537124
7211.629762039986 0.9911256293713937 0.003009849300394845
7211.630636599846 0.9929690525672296 0.003029140826336987
7211.631490360013 0.9929588371284118 0.003052705622819732
7211.632342489902 0.9916794003239736 0.0030052024178989626
7211.633197209799 0.9907817367834226 0.003019046206943886
7211.634051320143 0.9905977275857633 0.003052957318094793
7211.6349215400405 0.9901562621706648 0.003005679830491932
7211.635781450196 0.990144701292533 0.003023429070835967
7211.636640449987 0.9938484464689631 0.003045804697267663
7211.637504519895 0.9928545293878964 0.003048408946688013
7211.638365330175 0.9973541328475966 0.003064833678020114
7211.639230479952 0.9956093371867452 0.0030407595606907747
7211.640092299786 0.9931577958345855 0.003038163741008163
7211.6409536502315 0.9893696998046901 0.0030231366355947488
7211.641814279837 0.991181567434804 0.0030366622167439573
7211.642686849926 0.9938480641517933 0.00303975800089436
7211.6435603098935 0.9933090594010934 0.0030475893793883127
7211.644421670121 0.9901592588012004 0.003017537032859068
7211.64528138982 0.993274405433888 0.003081945254239909
7211.646144739818 0.9942583920253234 0.0030447658881670183
7211.6470047901375 0.9960818565205807 0.0030660336291931955
7211.6478766300725 0.9971056593637225 0.003081943952696621
7211.648737260141 0.9927604422274792 0.003052059125509501
7211.649602769874 0.992016783201121 0.003062255237507267
7211.650461779907 0.9904185355622602 0.0030540785190332678
7211.6513193398705 0.991570701969004 0.0030465522812045107
7211.652189009823 0.9976204684433074 0.0030710262691761377
7211.653047290165 0.9953165499389861 0.003073788256522653
7211.6539107500585 0.9899479595453676 0.0030686955079105888
7211.6547722900295 0.9927858184007773 0.003098589902594089
7211.655645030085 0.9964234417512543 0.003119717995084528
7211.656511629932 0.994763701385433 0.003151057427783132
7211.65737424977 0.9980497354309031 0.0031454373496156377
7211.658228729851 0.9980506101791297 0.003136675354334617
7211.6590823098095 0.9956062511100183 0.0031371539605109045
7211.6599369701 0.997965501724011 0.0031290309451775084
7211.66079965001 0.9929947573822928 0.003108912177346225
7211.661653410179 0.9895912066520195 0.0031027683204991685
7211.6625076998025 0.999088242404003 0.003149148608014917
7211.663366519846 0.9929740599861047 0.0031438239746010804
7211.6642195698805 0.9931780702158242 0.003126250724082044
7211.665080910083 0.9935229064142462 0.003146695548623981
7211.665935940108 0.9911956236804159 0.003137308938943668
7211.6667936798185 0.9925593643181357 0.003135699066240857
7211.667657909915 0.9913782427557574 0.003137905298609899
7211.6685138400635 1.0023904007367137 0.003164004885009777
7211.669382969849 0.9916894994227665 0.003165947827454801
7211.670244509821 0.9993392902784854 0.003198793033669979
7211.6711053201 0.9896095367753809 0.003178358437277194
7211.671962509863 0.9960968088935975 0.0031901563142402623
7211.672825850081 0.9973798502489107 0.0031999457744576287
7211.673692089971 1.0018944323105814 0.003206463691125567
7211.674555160105 0.9944058965615932 0.0032090847196177496
7211.67541451985 0.9921998869779116 0.003202996360356776
7211.676276780199 1.0008541376601259 0.0032298927334825744
7211.677147720008 0.9960656895806466 0.003225616626051943
7211.678014319856 0.996298073515402 0.0032128424126640505
7211.678870419972 0.9949670917625977 0.003192611382771977
7211.679732670075 1.002154910563987 0.003259845648897795
7211.680593490136 0.9945010037219693 0.003247224672051082
7211.681447249836 0.9988971748569782 0.003241354220847737
7211.682323960122 0.9968244194585916 0.0032771146781372623
7211.683184059802 0.9984953796835063 0.0033017462448589646
7211.684045940172 1.000376613210745 0.003287458345657557
7211.684905310161 1.0001402347709025 0.003347997424269847
7211.685771900229 1.0014283602012588 0.003326023486665161
7211.68664012989 0.9978208517850055 0.003499310644645144
7211.687501850072 0.9965686490298088 0.003456779888498817
7211.688362109939 0.9941613234128943 0.0033271937535083967
7211.689221589825 0.9955585267027711 0.0033617279576304
7211.6900872797705 0.9951290198281261 0.003322812534252655
7211.690956240053 0.9959458450028154 0.0033534031394469644
7211.69181577023 0.9982295550810171 0.0033718573640426287
7211.6926774899475 0.9999918496918537 0.003420940622189349
7211.693533599842 0.9965484548661497 0.0034704201355982077
7211.694400560111 0.9987450796157219 0.0035053491181648248
7211.695268599781 0.9936477972132041 0.003454255175429985
7211.696133019868 0.9999796797479489 0.0034576285832646275
7211.696993830148 0.9940336133227866 0.003472328510758841
7211.697850849945 0.9957372917310212 0.0034905008565906505
7211.698712380136 0.9969083408586935 0.0035029286044813684
