8386.39787974  0.0035  0.0157
8386.30179623  0.0097  0.0138
8386.28978764  0.0060  0.0136
8386.27171651  0.0077  0.0138
8386.32582857  0.0056  0.0137
8386.37199728  0.0028  0.0147
8386.44458963  0.0014  0.0188
8386.40639098  -0.0031  0.0160
8386.26437157  0.0076  0.0137
8386.30167974  0.0071  0.0137
8386.42749338  -0.0026  0.0171
8386.38645435  -0.0006  0.0151
8386.37164728  -0.0003  0.0146
8386.22916153  0.0089  0.0153
8386.26448801  0.0017  0.0136
8386.30692594  0.0012  0.0364
8386.36057168  0.0044  0.0144
8386.24886515  0.0087  0.0137
8386.39624748  0.0029  0.0156
8386.33597190  0.0040  0.0140
8386.23778903  0.0033  0.0137
8386.28722247  0.0075  0.0137
8386.32839359  0.0070  0.0141
8386.26600342  0.0108  0.0139
8386.41280338  -0.0030  0.0164
8386.36371970  0.0028  0.0144
8386.34786368  -0.0002  0.0140
8386.39636393  -0.0010  0.0155
8386.29864853  0.0052  0.0136
8386.23743926  0.0029  0.0136
8386.38435595  -0.0021  0.0150
8386.23126019  0.0005  0.0143
8386.36360268  0.0049  0.0145
8386.41245337  -0.0022  0.0164
8386.28150981  0.0085  0.0137
8386.33095804  -0.0033  0.0138
8386.39193417  -0.0002  0.0154
8386.29375175  0.0140  0.0138
8386.24525114  0.0066  0.0136
8386.38050810  -0.0007  0.0149
8386.33107510  0.0051  0.0140
8386.23335877  0.0064  0.0141
8386.29340192  0.0074  0.0137
8386.34238376  0.0010  0.0140
8386.43320604  -0.0046  0.0176
8386.41770007  -0.0043  0.0165
8386.25772587  0.0059  0.0137
8386.44820398  -0.0017  0.0190
8386.40044501  0.0001  0.0157
8386.35800704  -0.0006  0.0143
8386.32244727  0.0018  0.0133
8386.26903485  0.0041  0.0137
8386.43064114  -0.0014  0.0174
8386.35765708  -0.0041  0.0142
8386.30377798  0.0093  0.0138
8386.26915126  0.0109  0.0139
8386.22298228  0.0083  0.0237
8386.36523512  0.0024  0.0144
8386.22799590  0.0108  0.0160
8386.37048189  0.0014  0.0146
8386.36173761  -0.0040  0.0143
8386.26332234  0.0050  0.0137
8386.30809173  -0.0079  0.0859
8386.42632747  -0.0046  0.0170
8386.30051344  0.0106  0.0138
8386.38761991  0.0013  0.0152
8386.32699456  0.0030  0.0139
8386.37083133  0.0020  0.0147
8386.27288202  0.0078  0.0138
8386.26320534  0.0072  0.0137
8386.40522470  -0.0018  0.0160
8386.44342399  -0.0035  0.0185
8386.30063050  0.0097  0.0138
8386.39904551  0.0047  0.0158
8386.28862162  0.0086  0.0137
8386.31693411  0.0106  0.0132
8386.23009469  0.0088  0.0148
8386.36476879  0.0024  0.0144
8386.41361939  -0.0005  0.0164
8386.29748263  0.0070  0.0137
8386.34669793  -0.0036  0.0139
8386.39753035  -0.0046  0.0155
8386.38552140  0.0001  0.0151
8386.23860511  0.0059  0.0137
8386.32955930  0.0031  0.0140
8386.31675973  0.0066  0.0131
8386.41396890  0.0003  0.0165
8386.36488522  0.0044  0.0144
8386.26483791  0.0093  0.0138
8386.39741327  0.0003  0.0156
8386.25003082  0.0060  0.0137
8386.23895509  0.0075  0.0137
8386.28605670  0.0086  0.0136
8386.33480569  0.0010  0.0139
8386.41653416  0.0063  0.0168
8386.23219292  0.0050  0.0142
8386.37934223  0.0034  0.0149
8386.33224057  0.0040  0.0140
8386.34354958  -0.0037  0.0139
8386.43437185  0.0006  0.0179
8386.29456787  0.0100  0.0137
8386.33212416  0.0059  0.0140
8386.28267559  0.0104  0.0138
8386.29491716  0.0109  0.0138
8386.24408510  0.0076  0.0137
8386.39076804  -0.0007  0.0153
8386.30261243  0.0090  0.0137
8386.35649107  0.0033  0.0143
8386.36640135  -0.0003  0.0144
8386.26798573  0.0028  0.0137
8386.22414832  0.0072  0.0208
8386.43180706  0.0022  0.0177
8386.40161056  -0.0063  0.0156
8386.44936996  -0.0018  0.0191
8386.35684106  -0.0037  0.0142
8386.25889147  0.0063  0.0138
8386.26786871  0.0118  0.0139
8386.32128125  0.0057  0.0141
8386.23977134  0.0068  0.0137
8386.38202399  0.0037  0.0151
8386.39403272  0.0022  0.0156
8386.35019556  0.0024  0.0141
8386.29631625  0.0086  0.0137
8386.41478529  -0.0010  0.0165
8386.27742897  0.0066  0.0136
8386.21699419  0.0039  0.0652
8386.37561148  0.0053  0.0148
8386.31518951  0.0069  0.0136
8386.33830357  0.0040  0.0140
8386.28489071  0.0036  0.0135
8386.24012126  0.0076  0.0137
8386.25119708  0.0054  0.0137
8386.39391568  0.0023  0.0155
8386.45473269  -0.0035  0.0197
8386.41082141  0.0055  0.0164
8386.41513466  -0.0020  0.0165
8386.31501535  0.0087  0.0139
8386.27707960  0.0018  0.0135
8386.34168449  0.0031  0.0140
8386.24140358  0.0087  0.0137
8386.42516158  0.0040  0.0172
8386.35276026  -0.0041  0.0141
8386.30925773  -0.0112  0.1750
8386.26215627  0.0098  0.0137
8386.35823991  0.0004  0.0143
8386.37397922  -0.0016  0.0146
8386.22682965  0.0072  0.0168
8386.34133465  0.0054  0.0140
8386.25329546  0.0020  0.0137
8386.40872257  0.0034  0.0163
8386.44692141  -0.0092  0.0186
8386.26203982  0.0064  0.0136
8386.27404831  0.0091  0.0138
8386.37432908  0.0045  0.0148
8386.32349689  -0.0035  0.0130
8386.42830944  0.0037  0.0173
8386.22065094  0.0073  0.0326
8386.27148305  0.0035  0.0136
8386.36756678  0.0007  0.0145
8386.42306288  -0.0054  0.0168
8386.35532501  -0.0060  0.0141
8386.30611003  0.0040  0.0158
8386.32011575  0.0075  0.0133
8386.27136661  0.0023  0.0136
8386.25539387  0.0042  0.0136
8386.35567497  -0.0058  0.0141
8386.42317938  0.0021  0.0170
8386.40277630  -0.0077  0.0157
8386.45053551  0.0057  0.0195
8386.29107009  0.0090  0.0136
8386.34471556  0.0032  0.0141
8386.33340687  0.0014  0.0139
8386.37817677  0.0038  0.0149
8386.23569082  0.0075  0.0138
8386.42003134  -0.0022  0.0167
8386.38960216  0.0004  0.0153
8386.24758277  0.0052  0.0136
8386.29141949  0.0052  0.0136
8386.27917812  0.0098  0.0137
8386.33328979  0.0014  0.0139
8386.45263426  0.0003  0.0196
8386.40965511  -0.0018  0.0161
8386.41630060  -0.0032  0.0165
8386.27824530  0.0095  0.0137
8386.31327037  0.0123  0.0293
8386.28372485  0.0046  0.0137
8386.24128662  0.0036  0.0136
8386.33713729  0.0004  0.0139
8386.45589904  0.0004  0.0200
8386.39508172  -0.0026  0.0154
8386.25236295  0.0028  0.0137
8386.41595120  -0.0032  0.0165
8386.37444565  -0.0034  0.0146
8386.31344516  0.0031  0.0223
8386.27859529  0.0065  0.0136
8386.38319007  0.0002  0.0151
8386.24093739  0.0068  0.0137
8386.29515061  0.0028  0.0136
8386.39519818  0.0020  0.0155
8386.34902961  -0.0013  0.0140
8386.26087380  0.0092  0.0138
8386.44575543  0.0045  0.0188
8386.40755661  0.0015  0.0162
8386.37316296  -0.0005  0.0146
8386.32466268  0.0007  0.0133
8386.27521413  0.0080  0.0138
8386.34016853  -0.0027  0.0138
8386.25446115  0.0031  0.0136
8386.35940601  -0.0047  0.0142
8386.31042340  0.0038  0.4305
8386.26099014  0.0053  0.0137
8386.22566422  0.0100  0.0181
8386.37281372  0.0033  0.0147
8386.24256946  0.0047  0.0136
8386.34051846  0.0028  0.0139
8386.42399579  0.0012  0.0170
8386.35159454  -0.0023  0.0141
8386.27020072  0.0088  0.0137
8386.31895004  0.0047  0.0130
8386.35450929  0.0020  0.0142
8386.42201386  0.0015  0.0170
8386.45170184  0.0019  0.0196
8386.40394227  -0.0055  0.0158
8386.25655988  0.0033  0.0136
8386.43507129  0.0003  0.0179
8386.36873285  -0.0010  0.0145
8386.22181658  0.0007  0.0272
8386.27031706  0.0076  0.0137
8386.30494422  0.0090  0.0140
8386.42189681  -0.0009  0.0170
8386.35415940  0.0000  0.0142
8386.42947512  0.0097  0.0177
8386.45380038  -0.0060  0.0195
8386.24641698  0.0047  0.0136
8386.29258572  0.0066  0.0136
8386.38843626  0.0011  0.0153
8386.33445621  0.0043  0.0140
8386.28034417  0.0049  0.0136
8386.41886561  -0.0021  0.0166
8386.34588158  0.0004  0.0140
8386.29223584  0.0055  0.0136
8386.23452484  0.0076  0.0141
8386.33457272  -0.0009  0.0139
8386.37701043  -0.0028  0.0147
8386.40510831  -0.0047  0.0160
8386.44354047  -0.0029  0.0185
8386.36267057  -0.0023  0.0143
8386.26238913  0.0093  0.0137
8386.27369840  0.0092  0.0138
8386.32711101  0.0076  0.0141
8386.28827183  0.0053  0.0136
8386.39962851  0.0070  0.0159
8386.30844175  0.0133  0.2161
8386.36232053  -0.0024  0.0143
8386.36989897  0.0008  0.0145
8386.27381480  0.0050  0.0137
8386.22764601  0.0059  0.0161
8386.38773698  -0.0024  0.0151
8386.29969771  0.0099  0.0137
8386.42597749  -0.0014  0.0170
8386.39997855  -0.0020  0.0157
8386.26542075  0.0130  0.0139
8386.32920925  0.0003  0.0139
8386.31553855  0.0076  0.0134
8386.33562199  0.0026  0.0140
8386.28617314  0.0082  0.0137
8386.29841510  0.0088  0.0137
8386.24991436  0.0038  0.0136
8386.39659736  -0.0005  0.0155
8386.36395255  0.0055  0.0145
8386.41303634  -0.0009  0.0164
8386.26577057  0.0076  0.0138
8386.23021110  0.0092  0.0148
8386.23802243  0.0047  0.0137
8386.38517193  0.0025  0.0151
8386.33573840  0.0055  0.0141
8386.34704719  -0.0025  0.0139
8386.29806535  0.0082  0.0137
8386.41746641  0.0030  0.0168
8386.39158431  -0.0028  0.0153
8386.24420158  0.0087  0.0137
8386.23312594  0.0042  0.0141
8386.28255911  0.0116  0.0138
8386.33130802  0.0061  0.0140
8386.41711706  -0.0041  0.0165
8386.29398454  0.0042  0.0136
8386.34320023  -0.0065  0.0138
8386.39170076  -0.0036  0.0153
8386.43425535  0.0075  0.0181
8386.37969219  0.0022  0.0150
8386.23277614  0.0065  0.0142
8386.32116479  0.0039  0.0143
8386.36733380  -0.0031  0.0144
8386.26705314  0.0062  0.0138
8386.25970773  0.0059  0.0137
8386.40172702  0.0000  0.0159
8386.44925351  0.0054  0.0194
8386.22449818  0.0119  0.0205
8386.36698378  0.0051  0.0146
8386.35590832  -0.0018  0.0142
8386.25982417  0.0069  0.0137
8386.30226266  0.0029  0.0136
8386.43215655  -0.0048  0.0175
8386.38657076  0.0006  0.0152
8386.42714336  0.0019  0.0172
8386.39881259  0.0003  0.0157
8386.30086341  0.0064  0.0137
8386.36115469  0.0021  0.0144
8386.30727590  0.0076  0.0726
8386.27264913  0.0032  0.0136
8386.22881173  0.0067  0.0154
8386.37106491  -0.0004  0.0146
8386.28943779  0.0046  0.0136
8386.39846272  0.0012  0.0156
8386.26355518  0.0080  0.0137
8386.44470621  -0.0017  0.0187
8386.40627449  0.0017  0.0162
8386.36150414  0.0023  0.0144
8386.32594504  0.0065  0.0137
8386.27253238  0.0036  0.0136
8386.38400585  0.0055  0.0151
8386.33690440  0.0027  0.0140
8386.23685652  0.0016  0.0136
8386.29923126  0.0077  0.0137
8386.34821306  -0.0013  0.0140
8386.26693613  0.0061  0.0138
8386.36278705  0.0051  0.0145
8386.41187048  -0.0016  0.0163
8386.23137666  0.0083  0.0144
8386.28733893  0.0046  0.0136
8386.33678800  0.0059  0.0141
8386.39543171  0.0044  0.0156
8386.29958111  0.0052  0.0136
8386.24874874  0.0052  0.0136
8386.26658679  0.0075  0.0138
8386.32804367  0.0011  0.0139
8386.31728309  0.0103  0.0130
8386.34203439  0.0018  0.0139
8386.39286635  0.0083  0.0157
8386.43308962  -0.0008  0.0178
8386.29281868  0.0111  0.0137
8386.23394154  0.0066  0.0141
8386.38085799  -0.0002  0.0150
8386.41828257  0.0006  0.0167
8386.24536760  0.0092  0.0136
8386.39274992  -0.0024  0.0154
8386.33014212  0.0055  0.0140
8386.23429137  0.0085  0.0142
8386.28139335  0.0077  0.0137
8386.41863267  -0.0013  0.0167
8386.43099116  0.0008  0.0176
8386.36581791  0.0034  0.0145
8386.22333227  0.0044  0.0227
8386.25865849  0.0070  0.0138
8386.30342863  0.0098  0.0138
8386.35707398  0.0002  0.0143
8386.26821860  0.0065  0.0138
8386.32233081  0.0075  0.0135
8386.36616786  0.0020  0.0145
8386.44808747  -0.0032  0.0188
8386.40056139  -0.0017  0.0157
8386.25854204  0.0046  0.0137
8386.37526197  -0.0006  0.0147
8386.41536817  0.0055  0.0167
8386.34937947  0.0004  0.0141
8386.29573333  0.0035  0.0136
8386.24035412  0.0085  0.0138
8386.33807004  0.0015  0.0139
8386.38284012  0.0028  0.0152
8386.37537845  0.0032  0.0148
8386.27766239  0.0056  0.0136
8386.41000507  0.0033  0.0163
8386.25224593  0.0049  0.0137
8386.29608333  0.0045  0.0136
8386.39426562  0.0025  0.0156
8386.33795356  -0.0028  0.0137
8386.28384184  0.0101  0.0138
8386.37223038  0.0046  0.0148
8386.22531437  0.0037  0.0184
8386.27614682  0.0095  0.0139
8386.31077355  -0.0247  0.4175
8386.35998889  -0.0013  0.0142
8386.42364588  0.0045  0.0171
8386.35147811  0.0034  0.0142
8386.24338548  0.0098  0.0138
8386.27603036  0.0113  0.0139
8386.32477918  -0.0002  0.0133
8386.36033827  -0.0010  0.0143
8386.44587245  0.0024  0.0189
8386.40744017  -0.0040  0.0161
8386.26005762  0.0091  0.0138
8386.25481100  0.0084  0.0137
8386.24350191  0.0088  0.0137
8386.33958586  0.0043  0.0140
8386.42108098  -0.0049  0.0167
8386.35357658  0.0041  0.0144
8386.30459431  0.0037  0.0138
8386.25749240  0.0121  0.0138
8386.22216652  0.0083  0.0262
8386.36931562  -0.0001  0.0145
8386.42982511  -0.0021  0.0174
8386.25737600  0.0104  0.0138
8386.45158481  0.0039  0.0196
8386.40405875  -0.0011  0.0160
8386.36966560  0.0029  0.0146
8386.31883302  0.0083  0.0131
8386.26938471  0.0075  0.0138
8386.41944853  0.0006  0.0168
8386.37736033  0.0025  0.0149
8386.23510749  0.0027  0.0137
8386.29165296  0.0060  0.0136
8386.38936920  0.0037  0.0153
8386.34553165  0.0003  0.0140
8386.41979840  0.0017  0.0168
8386.45414983  -0.0015  0.0197
8386.28022713  0.0071  0.0137
8386.23545736  0.0042  0.0138
8386.33363981  0.0068  0.0140
8386.38925215  -0.0018  0.0152
8386.24653335  0.0056  0.0136
8386.39309983  0.0017  0.0155
8386.45554892  0.0057  0.0201
8386.25108008  0.0059  0.0137
8386.29724914  0.0068  0.0137
8386.28500767  0.0037  0.0136
8386.33911929  0.0054  0.0140
8386.27649667  0.0068  0.0138
8386.31379411  0.0051  0.0228
8386.37654450  -0.0077  0.0146
8386.41117088  0.0029  0.0164
8386.29689968  0.0107  0.0138
8386.45566540  0.0039  0.0201
8386.35054483  -0.0045  0.0140
8386.33923633  -0.0007  0.0138
8386.38167410  0.0012  0.0151
8386.23918799  0.0048  0.0137
8386.37642741  -0.0009  0.0147
8386.41420249  0.0090  0.0168
8386.25364541  0.0130  0.0138
8386.34075183  0.0066  0.0140
8386.24233614  0.0063  0.0137
8386.32361336  0.0082  0.0132
8386.27486440  0.0078  0.0138
8386.26122361  0.0065  0.0138
8386.35917260  0.0014  0.0143
8386.40860609  0.0012  0.0161
8386.44703788  -0.0017  0.0188
8386.42481154  -0.0028  0.0170
8386.35264386  -0.0036  0.0141
8386.24221971  0.0086  0.0137
8386.22648044  0.0066  0.0171
8386.27498079  0.0108  0.0138
8386.37339634  0.0039  0.0147
8386.35882267  0.0019  0.0143
8386.30960783  0.0417  0.3581
8386.40289336  0.0071  0.0161
8386.45041908  0.0076  0.0195
8386.25621004  0.0030  0.0136
8386.27055053  0.0041  0.0136
8386.36849990  0.0047  0.0146
8386.31999931  0.0049  0.0133
8386.42865887  0.0050  0.0174
8386.30576005  0.0027  0.0142
8386.25632704  0.0096  0.0137
8386.42224681  -0.0029  0.0169
8386.35474221  0.0049  0.0143
8386.36815016  -0.0000  0.0145
8386.22100024  0.0047  0.0309
8386.33247406  0.0037  0.0139
8386.27906169  0.0043  0.0136
8386.23662307  0.0030  0.0137
8386.24769913  0.0061  0.0136
8386.39041805  -0.0055  0.0152
8386.42096454  -0.0015  0.0169
8386.45298432  0.0056  0.0198
8386.23627372  0.0065  0.0138
8386.37852601  0.0067  0.0151
8386.39053511  0.0026  0.0154
8386.34436615  -0.0008  0.0139
8386.29048734  0.0097  0.0138
8386.42061462  0.0051  0.0170
8386.37421263  0.0031  0.0147
8386.32337994  0.0034  0.0132
8386.27416479  0.0123  0.0139
8386.26192281  0.0079  0.0137
8386.44680494  -0.0010  0.0189
8386.40883908  -0.0024  0.0161
8386.25341191  0.0091  0.0137
8386.34145111  -0.0020  0.0139
8386.22671324  0.0073  0.0169
8386.37409563  0.0012  0.0147
8386.35812344  0.0010  0.0143
8386.30937428  -0.0101  0.1417
8386.26227268  0.0141  0.0138
8386.42504505  0.0035  0.0172
8386.35287669  0.0016  0.0142
8386.24152008  0.0079  0.0137
8386.34156810  -0.0017  0.0138
8386.27719610  0.0046  0.0136
8386.31484048  0.0023  0.0152
8386.41501820  0.0026  0.0166
8386.41093796  0.0014  0.0163
8386.45484970  0.0009  0.0199
8386.39379923  0.0030  0.0156
8386.25131351  0.0068  0.0137
8386.28477426  0.0045  0.0136
8386.24000422  0.0067  0.0137
8386.33841997  0.0019  0.0139
8386.31536428  0.0058  0.0135
8386.37572792  -0.0007  0.0147
8386.27731254  0.0091  0.0137
8386.41490174  -0.0028  0.0164
8386.29619979  0.0067  0.0137
8386.39414915  -0.0016  0.0155
8386.35031200  -0.0043  0.0140
8386.38190753  -0.0012  0.0151
8386.23988774  0.0076  0.0137
8386.45275079  -0.0020  0.0195
8386.33317336  0.0106  0.0141
8386.27929446  0.0099  0.0137
8386.24746575  0.0110  0.0137
8386.29130299  0.0068  0.0136
8386.38971864  0.0006  0.0153
8386.41991490  -0.0053  0.0166
8386.23557380  0.0024  0.0137
8386.33352331  0.0046  0.0140
8386.37829316  0.0010  0.0149
8386.34459912  -0.0015  0.0139
8386.29118656  0.0075  0.0136
8386.35555848  -0.0005  0.0142
8386.45065257  0.0061  0.0195
8386.40265984  -0.0100  0.0156
8386.42329595  0.0003  0.0169
8386.25551033  0.0075  0.0137
8386.27125022  0.0051  0.0137
8386.32023223  0.0060  0.0134
8386.30599300  0.0080  0.0151
8386.42294637  -0.0052  0.0167
8386.35544202  0.0051  0.0144
8386.36745025  0.0015  0.0145
8386.22076738  0.0050  0.0321
8386.27159950  0.0036  0.0137
8386.42842593  -0.0074  0.0171
8386.42387872  0.0077  0.0172
8386.35171099  -0.0020  0.0141
8386.34040206  -0.0063  0.0137
8386.24268580  0.0067  0.0137
8386.37293014  0.0038  0.0147
8386.22554725  0.0060  0.0182
8386.31054052  0.0090  0.4101
8386.26110716  0.0106  0.0139
8386.35928898  -0.0028  0.0142
8386.25457817  0.0067  0.0137
8386.34028555  -0.0033  0.0138
8386.27533057  0.0067  0.0138
8386.37304654  0.0026  0.0147
8386.32454621  0.0041  0.0133
8386.40767310  -0.0034  0.0161
8386.44563900  0.0012  0.0188
8386.26075681  0.0082  0.0138
8386.39531464  0.0028  0.0155
8386.34914605  0.0041  0.0142
8386.29503419  0.0073  0.0137
8386.24105377  0.0108  0.0138
8386.38307297  0.0032  0.0151
8386.27847829  0.0055  0.0136
8386.31361944  0.0096  0.0223
8386.37456212  -0.0007  0.0146
8386.41606760  -0.0013  0.0165
8386.25247939  0.0054  0.0137
8386.39496526  0.0017  0.0156
8386.45601548  0.0008  0.0201
8386.33725430  0.0043  0.0140
8386.28360845  0.0101  0.0138
8386.24117021  0.0097  0.0138
8386.31309612  -0.0069  0.0432
8386.27836181  0.0021  0.0135
8386.41618403  -0.0070  0.0164
8386.40977158  0.0027  0.0163
8386.33468921  -0.0020  0.0138
8386.37712746  0.0019  0.0148
8386.23440840  0.0070  0.0141
8386.29235225  0.0039  0.0136
8386.34576516  -0.0081  0.0138
8386.41874915  -0.0002  0.0167
8386.28046057  0.0081  0.0137
8386.33433915  0.0106  0.0141
8386.38855277  -0.0028  0.0151
8386.24629998  0.0071  0.0136
8386.29246928  0.0117  0.0138
8386.45391683  0.0034  0.0199
8386.42959161  0.0024  0.0175
8386.42178034  0.0088  0.0172
8386.35427578  0.0028  0.0143
8386.30482719  0.0055  0.0139
8386.22193301  0.0166  0.0275
8386.27043409  0.0091  0.0138
8386.36861636  0.0015  0.0145
8386.25667632  0.0040  0.0136
8386.35439222  0.0009  0.0142
8386.40382578  -0.0006  0.0160
8386.45181835  -0.0061  0.0192
8386.42213034  -0.0022  0.0169
8386.31906655  0.0126  0.0133
8386.27008432  0.0041  0.0136
8386.36348631  -0.0007  0.0143
8386.41256976  -0.0006  0.0164
8386.23114376  0.0056  0.0144
8386.38423895  -0.0002  0.0150
8386.23755624  0.0034  0.0136
8386.29853149  0.0059  0.0137
8386.34798011  -0.0050  0.0139
8386.39648096  -0.0071  0.0154
8386.41268626  -0.0005  0.0164
8386.36383612  0.0037  0.0144
8386.26588699  0.0077  0.0138
8386.32827658  0.0060  0.0140
8386.23767262  0.0061  0.0137
8386.28710605  0.0102  0.0137
8386.33608834  0.0031  0.0140
8386.39613105  -0.0016  0.0155
8386.24898155  0.0047  0.0136
8386.36045523  -0.0045  0.0142
8386.26460443  0.0069  0.0137
8386.30704245  0.0014  0.0416
8386.22904514  0.0067  0.0153
8386.37176433  0.0083  0.0148
8386.38633793  0.0022  0.0152
8386.42737691  0.0025  0.0173
8386.30156271  0.0078  0.0137
8386.26425454  0.0063  0.0137
8386.40650742  -0.0030  0.0160
8386.44447308  -0.0054  0.0185
8386.32571208  0.0019  0.0136
8386.37188082  0.0006  0.0146
8386.27183299  0.0036  0.0137
8386.28967119  0.0104  0.0137
8386.30191270  0.0096  0.0138
8386.39776329  0.0011  0.0156
8386.36511870  0.0023  0.0144
8386.26926828  0.0100  0.0139
8386.22309936  0.0094  0.0234
8386.30366151  0.0058  0.0137
8386.35777352  -0.0012  0.0143
8386.43075757  -0.0006  0.0175
8386.26891843  0.0102  0.0139
8386.32256371  0.0035  0.0133
8386.40032798  -0.0015  0.0157
8386.44832046  -0.0050  0.0189
8386.35788997  0.0009  0.0143
8386.25784231  0.0058  0.0137
8386.41758296  -0.0002  0.0166
8386.34226729  -0.0021  0.0139
8386.43332249  0.0009  0.0178
8386.29351830  0.0084  0.0137
8386.23324237  0.0061  0.0141
8386.38062455  0.0030  0.0151
8386.33119158  0.0031  0.0140
8386.29363473  0.0105  0.0137
8386.24513414  0.0070  0.0136
8386.39205059  -0.0044  0.0153
8386.33084159  0.0013  0.0139
8386.28162628  0.0087  0.0138
8386.33492221  0.0057  0.0140
8386.23883862  0.0043  0.0137
8386.28594019  0.0080  0.0136
8386.25014733  0.0057  0.0137
8386.39729679  0.0007  0.0156
8386.26472087  0.0119  0.0139
8386.41385239  0.0007  0.0164
8386.36500222  -0.0055  0.0142
8386.32944278  0.0081  0.0141
8386.31658526  0.0112  0.0132
8386.23872214  0.0021  0.0136
8386.38540493  -0.0036  0.0151
8386.34681431  -0.0041  0.0139
8386.39764685  0.0010  0.0157
8386.29736560  0.0064  0.0137
8386.36465231  0.0016  0.0144
8386.41373589  0.0036  0.0165
8386.22997769  0.0058  0.0148
8386.31710877  0.0057  0.0130
8386.28850520  0.0102  0.0137
8386.39892903  0.0017  0.0157
8386.30074692  0.0036  0.0136
8386.44330747  -0.0030  0.0185
8386.40534172  -0.0017  0.0160
8386.26308894  0.0089  0.0137
8386.27299911  0.0097  0.0138
8386.32687754  0.0073  0.0140
8386.37071481  0.0011  0.0146
8386.38750346  -0.0036  0.0151
8386.30039694  0.0068  0.0137
8386.42621105  -0.0047  0.0170
8386.26343875  0.0035  0.0136
8386.30820820  0.0149  0.1506
8386.36162120  -0.0039  0.0142
8386.37059842  -0.0001  0.0146
8386.22787950  0.0096  0.0160
8386.32139824  0.0067  0.0144
8386.26775227  0.0052  0.0138
8386.25900849  0.0095  0.0138
8386.44948647  0.0001  0.0192
8386.40149412  0.0003  0.0158
8386.35672403  0.0033  0.0143
8386.43192353  -0.0018  0.0176
8386.26810214  0.0096  0.0138
8386.22426475  0.0049  0.0206
8386.36628434  -0.0002  0.0144
8386.35660751  0.0015  0.0143
8386.30249544  0.0038  0.0137
8386.39088449  -0.0034  0.0153
8386.29480071  0.0043  0.0136
8386.24396814  0.0034  0.0136
8386.28279205  0.0105  0.0138
8386.33200771  0.0080  0.0141
8386.29468429  0.0087  0.0137
8386.34343311  -0.0069  0.0138
8386.43448835  0.0012  0.0179
8386.37945926  -0.0003  0.0149
8386.33235764  0.0053  0.0140
8386.23207649  0.0068  0.0143
8386.41641761  0.0024  0.0166
8386.33946932  0.0005  0.0139
8386.24361834  0.0041  0.0136
8386.25469461  0.0059  0.0137
8386.26017412  0.0047  0.0137
8386.36022177  0.0037  0.0144
8386.40732371  -0.0003  0.0162
8386.44598893  -0.0064  0.0187
8386.32489560  0.0024  0.0133
8386.27591333  -0.0026  0.0136
8386.24326907  0.0087  0.0137
8386.42376232  0.0042  0.0170
8386.35136108  0.0009  0.0142
8386.36010532  -0.0015  0.0143
8386.31065701  0.0043  0.4578
8386.22543079  0.0050  0.0183
8386.27626327  0.0106  0.0139
8386.37211385  0.0017  0.0147
8386.28395823  0.0018  0.0135
8386.33783710  -0.0028  0.0138
8386.39438214  0.0038  0.0156
8386.45659852  0.0046  0.0200
8386.25212950  0.0054  0.0138
8386.29596687  0.0068  0.0137
8386.40988862  -0.0063  0.0161
8386.27754599  0.0121  0.0138
8386.37549495  0.0007  0.0147
8386.31222359  0.0064  0.1562
8386.33818650  0.0003  0.0139
8386.38295653  0.0027  0.0151
8386.24023772  0.0071  0.0137
8386.29585042  0.0078  0.0137
8386.34926247  0.0010  0.0141
8386.41525170  0.0025  0.0166
8386.37514499  0.0053  0.0148
8386.24664971  0.0024  0.0135
8386.38913563  0.0016  0.0153
8386.33375630  -0.0061  0.0138
8386.28011065  0.0015  0.0136
8386.23534094  0.0081  0.0139
8386.45403334  0.0012  0.0198
8386.41968197  -0.0020  0.0167
8386.38948571  -0.0005  0.0153
8386.34564871  0.0034  0.0141
8386.29153647  0.0068  0.0136
8386.23522451  0.0042  0.0137
8386.37724388  -0.0028  0.0148
8386.41956500  -0.0021  0.0167
8386.26950111  0.0081  0.0137
8386.36954910  0.0052  0.0147
8386.31871654  0.0054  0.0130
8386.40417579  -0.0030  0.0159
8386.45146836  0.0076  0.0197
8386.25725958  0.0091  0.0137
8386.42970863  0.0019  0.0175
8386.36943210  0.0014  0.0146
8386.22205004  0.0053  0.0265
8386.30471078  0.0088  0.0139
8386.25760945  0.0015  0.0136
8386.42119746  -0.0072  0.0167
8386.35345956  0.0057  0.0144
8386.30949077  0.0203  0.2155
8386.35893971  0.0002  0.0143
8386.37327994  0.0028  0.0147
8386.22659684  0.0111  0.0171
8386.27509716  0.0087  0.0138
8386.24210271  0.0082  0.0137
8386.42492803  0.0013  0.0171
8386.35252740  -0.0001  0.0142
8386.35905612  0.0019  0.0143
8386.44715493  0.0029  0.0189
8386.40848961  0.0043  0.0163
8386.26134006  0.0116  0.0139
8386.27474738  0.0069  0.0138
8386.32372984  0.0055  0.0132
8386.24245251  0.0093  0.0137
8386.34063487  0.0033  0.0139
8386.25352838  0.0053  0.0136
8386.41408539  -0.0031  0.0163
8386.37631093  0.0002  0.0147
8386.23907157  0.0046  0.0136
8386.33935281  0.0052  0.0140
8386.38179054  0.0008  0.0151
8386.45578250  0.0028  0.0200
8386.35042845  -0.0035  0.0140
8386.29701615  0.0073  0.0138
8386.41105444  0.0032  0.0163
8386.37666101  0.0002  0.0148
8386.31396853  -0.0012  0.0211
8386.27637965  0.0057  0.0138
8386.33900288  -0.0009  0.0138
8386.28512403  0.0079  0.0136
8386.25096366  0.0041  0.0137
8386.29713263  0.0098  0.0138
8386.45543245  -0.0003  0.0198
8386.39321628  0.0027  0.0155
8386.42073111  0.0023  0.0170
8386.29037036  0.0053  0.0136
8386.39065158  0.0034  0.0154
8386.34448265  -0.0008  0.0139
8386.37840956  0.0017  0.0149
8386.23639020  0.0098  0.0139
8386.45286725  0.0035  0.0198
8386.42084748  -0.0028  0.0168
8386.39030159  0.0050  0.0155
8386.24781554  0.0059  0.0136
8386.27894468  0.0101  0.0137
8386.23650663  0.0066  0.0138
8386.33259047  0.0068  0.0140
8386.22088380  0.0067  0.0316
8386.36826653  0.0035  0.0146
8386.42236329  -0.0025  0.0170
8386.35462575  -0.0046  0.0141
8386.30587656  0.0053  0.0144
8386.25644346  0.0029  0.0136
8386.42854239  -0.0011  0.0173
8386.36838291  0.0003  0.0145
8386.31988230  0.0071  0.0133
8386.27066696  0.0076  0.0137
8386.25609361  -0.0003  0.0135
8386.45030264  -0.0005  0.0192
8386.40300984  -0.0042  0.0158
8386.29818171  0.0095  0.0137
8386.34693076  -0.0070  0.0138
8386.38528839  -0.0011  0.0151
8386.33585488  0.0038  0.0140
8386.23790602  0.0039  0.0136
8386.23032753  0.0074  0.0147
8386.26565355  0.0103  0.0139
8386.36406955  0.0052  0.0145
8386.41291986  -0.0022  0.0164
8386.39671380  -0.0017  0.0155
8386.29829872  0.0022  0.0136
8386.24979793  0.0085  0.0137
8386.28628963  0.0124  0.0138
8386.33550555  0.0032  0.0140
8386.32932635  0.0047  0.0140
8386.31571268  0.0031  0.0133
8386.26553718  0.0024  0.0136
8386.39986203  0.0027  0.0158
8386.42609396  -0.0069  0.0169
8386.29981427  0.0070  0.0137
8386.38785342  0.0094  0.0154
8386.27393130  0.0047  0.0137
8386.22776248  0.0001  0.0159
8386.36978195  0.0006  0.0146
8386.36243702  -0.0055  0.0142
8386.30832530  0.0316  0.2940
8386.39974557  -0.0001  0.0157
8386.28838825  0.0081  0.0137
8386.32722747  0.0014  0.0139
8386.27358193  0.0074  0.0138
8386.26250614  0.0027  0.0135
8386.44365694  0.0037  0.0187
8386.40499191  0.0016  0.0161
8386.36255349  -0.0033  0.0143
8386.43204003  0.0003  0.0176
8386.25994116  0.0075  0.0138
8386.30237906  0.0054  0.0137
8386.35579137  -0.0017  0.0142
8386.36710087  0.0044  0.0146
8386.22438176  0.0055  0.0204
8386.44913645  0.0114  0.0195
8386.40184406  -0.0018  0.0158
8386.25959129  0.0086  0.0138
8386.26716957  0.0114  0.0139
8386.32104808  0.0021  0.0143
8386.36721724  0.0018  0.0145
8386.23289252  0.0079  0.0142
8386.37957570  0.0012  0.0150
8386.34331668  0.0051  0.0141
8386.43413891  -0.0016  0.0178
8386.39181712  -0.0009  0.0154
8386.29386816  0.0046  0.0136
8386.41723347  0.0032  0.0166
8386.21439093  0.0076  0.1197
8386.33142450  0.0031  0.0140
8386.23300893  0.0082  0.0142
8386.28244269  0.0082  0.0137
8386.24431794  0.0054  0.0136
8386.39146725  0.0040  0.0155
8386.41734995  -0.0063  0.0164
8386.32816011  0.0085  0.0141
8386.31745726  0.0083  0.0130
8386.26670330  0.0093  0.0138
8386.29946410  0.0082  0.0137
8386.24863169  0.0056  0.0137
8386.39554820  0.0032  0.0156
8386.33667100  0.0011  0.0139
8386.28745598  0.0091  0.0137
8386.23149367  0.0102  0.0144
8386.36290351  0.0060  0.0146
8386.41175399  0.0045  0.0164
8386.26681973  0.0069  0.0138
8386.34809659  -0.0004  0.0140
8386.29934767  0.0039  0.0136
8386.23674005  0.0040  0.0137
8386.38412229  0.0013  0.0151
8386.33702086  -0.0019  0.0139
8386.27241587  0.0112  0.0138
8386.32606143  -0.0020  0.0136
8386.40615743  -0.0020  0.0161
8386.44482272  -0.0076  0.0185
8386.36138769  -0.0010  0.0143
8386.26367165  0.0092  0.0137
8386.39857917  -0.0006  0.0156
8386.28955418  0.0062  0.0137
8386.37094776  0.0009  0.0146
8386.27276557  0.0020  0.0136
8386.22892878  0.0069  0.0154
8386.30715944  0.0261  0.0611
8386.36127118  -0.0006  0.0143
8386.30097985  0.0078  0.0137
8386.39869619  -0.0010  0.0156
8386.42725984  0.0021  0.0173
8386.38668719  0.0067  0.0153
8386.25842557  0.0073  0.0137
8386.40067781  0.0028  0.0159
8386.44797097  -0.0073  0.0187
8386.32221434  0.0104  0.0136
8386.36605143  0.0017  0.0145
8386.26833555  0.0083  0.0138
8386.35695753  -0.0005  0.0143
8386.25877496  0.0054  0.0137
8386.30354507  0.0069  0.0137
8386.22321584  0.0054  0.0230
8386.36593496  -0.0043  0.0143
8386.43087402  0.0027  0.0176
8386.41851622  -0.0002  0.0167
8386.23417498  0.0042  0.0141
8386.28127689  0.0069  0.0137
8386.33025884  0.0072  0.0141
8386.39263342  0.0013  0.0155
8386.24548406  0.0053  0.0135
8386.41839915  0.0001  0.0167
8386.38074155  0.0006  0.0150
8386.23405857  0.0083  0.0141
8386.29270221  0.0101  0.0137
8386.34215081  0.0007  0.0139
8386.43297316  0.0011  0.0178
8386.39298339  -0.0057  0.0153
8386.43239022  0.0012  0.0177
8386.35614120  -0.0027  0.0142
8386.40231048  -0.0077  0.0157
8386.30202916  0.0063  0.0137
8386.22473162  0.0064  0.0194
8386.36675086  -0.0006  0.0144
8386.43250672  0.0074  0.0180
8386.25947485  0.0067  0.0138
8386.44902000  -0.0035  0.0190
8386.40196049  0.0023  0.0159
8386.32093155  0.0085  0.0147
8386.22484805  0.0144  0.0195
8386.26728596  0.0100  0.0139
8386.37992515  0.0031  0.0150
8386.23254277  0.0030  0.0142
8386.24478426  0.0082  0.0136
8386.29421791  0.0029  0.0136
8386.34296672  -0.0090  0.0138
8386.43402246  0.0011  0.0178
8386.41688348  -0.0021  0.0165
8386.28232567  0.0078  0.0137
8386.33154154  0.0043  0.0140
8386.38004162  0.0032  0.0151
8386.39135079  0.0080  0.0156
8386.24443498  0.0076  0.0137
8386.34728078  0.0019  0.0141
8386.29783187  0.0082  0.0137
8386.28675602  0.0072  0.0137
8386.23825582  0.0079  0.0138
8386.38493840  -0.0017  0.0150
8386.23044442  0.0062  0.0147
8386.36418597  -0.0029  0.0143
8386.41326931  0.0014  0.0165
8386.24968150  0.0038  0.0136
8386.39683086  -0.0020  0.0155
8386.34739721  -0.0060  0.0139
8386.33538852  0.0053  0.0140
8386.28640668  0.0107  0.0137
8386.32897629  0.0020  0.0139
8386.31588764  0.0070  0.0133
8386.23079381  0.0063  0.0146
8386.26518729  0.0063  0.0137
8386.29993070  0.0072  0.0137
8386.42574458  0.0034  0.0173
8386.38796984  0.0023  0.0153
8386.37013191  -0.0001  0.0146
8386.32769379  0.0047  0.0140
8386.22741307  0.0073  0.0163
8386.30867470  -0.0327  0.1987
8386.36208759  0.0015  0.0144
8386.44412357  0.0030  0.0187
8386.39939555  0.0029  0.0157
8386.28803896  0.0056  0.0136
8386.38831982  -0.0002  0.0152
8386.27346544  0.0091  0.0138
8386.32734388  0.0019  0.0139
8386.44377344  -0.0034  0.0185
8386.40487541  0.0018  0.0161
8386.30879118  -0.0144  0.2107
8386.26262257  0.0042  0.0136
8386.40079484  0.0028  0.0159
8386.44785449  -0.0002  0.0190
8386.25830856  0.0126  0.0139
8386.22368205  0.0060  0.0218
8386.26845201  0.0160  0.0140
8386.32209792  0.0048  0.0136
8386.43134055  0.0038  0.0177
8386.30319520  0.0055  0.0137
8386.35730717  -0.0022  0.0142
8386.40114419  -0.0007  0.0158
8386.36558503  0.0082  0.0146
8386.22356564  0.0084  0.0222
8386.43122405  -0.0054  0.0174
8386.33037529  -0.0039  0.0138
8386.38120749  0.0030  0.0151
8386.28115986  0.0090  0.0137
8386.24560052  0.0069  0.0135
8386.39251697  0.0024  0.0155
8386.41804960  -0.0016  0.0166
8386.23370865  0.0048  0.0141
8386.38109100  0.0032  0.0151
8386.34180093  0.0004  0.0139
8386.43285610  0.0054  0.0179
8386.24595058  0.0038  0.0135
8386.29305214  0.0053  0.0136
8386.23196003  0.0063  0.0143
8386.32781020  0.0083  0.0141
8386.31763198  0.0056  0.0129
8386.26635332  0.0044  0.0137
8386.39566471  -0.0053  0.0153
8386.34856310  0.0017  0.0141
8386.24851527  0.0070  0.0136
8386.28757248  0.0086  0.0137
8386.33655456  0.0046  0.0140
8386.23161013  0.0049  0.0143
8386.36301999  0.0062  0.0145
8386.41210341  -0.0013  0.0163
8386.29899782  0.0093  0.0137
8386.34844663  0.0039  0.0141
8386.38377296  0.0000  0.0150
8386.28792191  0.0076  0.0137
8386.23708945  0.0060  0.0137
8386.32617846  0.0011  0.0137
8386.27229938  0.0115  0.0139
8386.30762529  -0.0130  0.0724
8386.26378867  0.0092  0.0138
8386.40604099  0.0017  0.0161
8386.44493979  -0.0022  0.0187
8386.39822975  -0.0024  0.0156
8386.38715352  0.0011  0.0152
8386.28920434  0.0030  0.0136
8386.22857899  0.0057  0.0155
8386.37129778  0.0092  0.0149
8386.32652768  0.0044  0.0139
8386.36092116  0.0017  0.0144
8386.44528908  0.0057  0.0189
8386.30750884  0.0023  0.0693
8386.42691040  -0.0020  0.0171
8386.30109630  0.0047  0.0137
8386.38680419  0.0029  0.0152
8386.38901913  0.0034  0.0153
8386.24676675  0.0110  0.0137
8386.27999419  0.0097  0.0137
8386.37771035  0.0009  0.0148
8386.33387330  0.0093  0.0141
8386.45438341  -0.0049  0.0197
8386.29188589  0.0082  0.0137
8386.24711651  0.0084  0.0137
8386.34529883  -0.0002  0.0140
8386.37759325  -0.0012  0.0148
8386.23487467  0.0040  0.0141
8386.45449989  0.0052  0.0200
8386.41921562  -0.0007  0.0167
8386.43017463  -0.0044  0.0173
8386.31860009  0.0056  0.0131
8386.26961754  0.0046  0.0136
8386.22251592  -0.0010  0.0246
8386.25714315  0.0057  0.0136
8386.40429230  -0.0003  0.0160
8386.45135193  0.0016  0.0194
8386.43005812  -0.0017  0.0174
8386.22239940  0.0129  0.0256
8386.36908276  0.0068  0.0147
8386.42131395  -0.0058  0.0168
8386.40464176  -0.0007  0.0160
8386.35380953  -0.0132  0.0139
8386.30436076  -0.0013  0.0136
8386.33981874  0.0031  0.0140
8386.25504447  0.0100  0.0138
8386.40720667  -0.0022  0.0162
8386.44610535  -0.0125  0.0186
8386.26029060  0.0095  0.0138
8386.27579689  0.0070  0.0138
8386.32501204  0.0105  0.0136
8386.24315212  0.0075  0.0137
8386.25516092  0.0058  0.0137
8386.42341247  -0.0033  0.0168
8386.35124463  -0.0015  0.0141
8386.31100655  -0.0383  0.3921
8386.44645494  0.0043  0.0190
8386.35975534  -0.0004  0.0144
8386.32536206  0.0020  0.0135
8386.37246388  0.0009  0.0147
8386.22508091  0.0053  0.0188
8386.33772065  0.0005  0.0139
8386.28407460  0.0083  0.0136
8386.25201309  0.0090  0.0138
8386.34972922  -0.0005  0.0141
8386.39449866  -0.0024  0.0154
8386.45648146  -0.0009  0.0198
8386.41023795  0.0004  0.0163
8386.31239812  -0.0135  0.1175
8386.27789528  0.0093  0.0137
8386.24058750  0.0035  0.0136
8386.28442440  0.0066  0.0136
8386.38260669  -0.0043  0.0149
8386.34961224  -0.0003  0.0141
8386.29550054  0.0094  0.0137
8386.41035499  -0.0051  0.0161
8386.41560120  0.0030  0.0166
8386.37502853  -0.0023  0.0146
8386.45333377  -0.0032  0.0196
8386.42038120  -0.0063  0.0166
8386.34413252  0.0016  0.0140
8386.29072032  0.0053  0.0136
8386.24828188  0.0037  0.0136
8386.23604020  0.0052  0.0138
8386.37875944  -0.0009  0.0148
8386.45321730  -0.0030  0.0197
8386.24793257  0.0103  0.0137
8386.39018518  0.0066  0.0155
8386.37887587  -0.0014  0.0148
8386.33270689  0.0035  0.0140
8386.27882824  0.0103  0.0138
8386.36791665  0.0060  0.0146
8386.22123369  0.0049  0.0299
8386.30552721  0.0062  0.0141
8386.42247984  -0.0010  0.0169
8386.40347629  0.0012  0.0160
8386.35497569  0.0046  0.0143
8386.42889232  0.0005  0.0174
8386.27078395  0.0040  0.0137
8386.22135013  0.0035  0.0292
8386.31976579  0.0089  0.0133
8386.45018621  0.0021  0.0193
8386.40312632  0.0024  0.0160
8386.25597719  0.0037  0.0136
8386.42900876  -0.0007  0.0173
8386.44762092  -0.0013  0.0189
8386.35858983  -0.0037  0.0142
8386.30984090  0.0911  0.4931
8386.22624695  0.0096  0.0174
8386.32419621  0.0060  0.0133
8386.37362985  -0.0019  0.0146
8386.24198630  0.0057  0.0136
8386.42457863  -0.0027  0.0169
8386.35241033  0.0005  0.0142
8386.25399479  -0.0031  0.0134
8386.26145648  0.0033  0.0137
8386.30995739  0.0430  0.4687
8386.44727142  -0.0042  0.0188
8386.40837256  0.0021  0.0162
8386.32384626  0.0073  0.0133
8386.27463100  0.0107  0.0138
8386.34098469  0.0017  0.0139
8386.25387827  0.0105  0.0138
8386.41152046  -0.0045  0.0161
8386.41443539  0.0002  0.0165
8386.37619444  -0.0048  0.0146
8386.38144109  0.0025  0.0151
8386.23942143  0.0061  0.0137
8386.28559025  0.0075  0.0136
8386.29666622  0.0112  0.0138
8386.35077829  -0.0019  0.0141
8386.41140401  -0.0039  0.0162
8386.27672954  0.0052  0.0137
8386.31414316  0.0072  0.0203
8386.28524040  0.0087  0.0137
8386.33888636  0.0028  0.0139
8386.35089475  0.0030  0.0142
8386.45531599  -0.0013  0.0199
8386.39333276  0.0004  0.0155
8386.25084721  0.0009  0.0136
8386.22274942  0.0066  0.0243
8386.36546854  0.0030  0.0145
8386.32303057  0.0023  0.0132
8386.35742358  -0.0040  0.0142
8386.44878704  0.0058  0.0193
8386.30401148  0.0088  0.0138
8386.43040819  0.0061  0.0177
8386.32268067  0.0057  0.0134
8386.26880141  0.0073  0.0138
8386.30412794  0.0109  0.0139
8386.25795925  0.0096  0.0138
8386.40021149  0.0023  0.0158
8386.44843696  0.0019  0.0191
8386.41793311  0.0048  0.0168
8386.29316853  0.0119  0.0137
8386.34261731  0.0015  0.0140
8386.43343895  -0.0030  0.0177
8386.38027517  0.0016  0.0150
8386.28209279  0.0074  0.0137
8386.23359224  0.0075  0.0142
8386.39216701  0.0014  0.0155
8386.43378893  -0.0018  0.0177
8386.34273378  0.0001  0.0139
8386.24501771  0.0064  0.0136
8386.28174274  0.0066  0.0137
8386.33072517  -0.0024  0.0138
8386.36336986  0.0022  0.0144
8386.41222044  0.0002  0.0164
8386.23102726  0.0049  0.0144
8386.32874288  0.0057  0.0140
8386.23720653  0.0092  0.0138
8386.38458890  0.0002  0.0150
8386.34763017  0.0014  0.0141
8386.24944795  0.0056  0.0137
8386.29888146  0.0067  0.0137
8386.26623686  0.0083  0.0138
8386.32862645  -0.0007  0.0139
8386.33620476  0.0050  0.0140
8386.38470536  0.0022  0.0151
8386.28698957  0.0064  0.0136
8386.24909801  0.0111  0.0138
8386.39601462  0.0048  0.0157
8386.30669306  0.0144  0.0303
8386.36080465  0.0042  0.0144
8386.40697377  0.0038  0.0163
8386.37141426  0.0019  0.0147
8386.22939499  0.0039  0.0150
8386.38622088  -0.0006  0.0152
8386.29013748  0.0058  0.0137
8386.30144629  0.0069  0.0137
8386.42772641  0.0018  0.0173
8386.40662381  -0.0039  0.0161
8386.44435656  -0.0018  0.0186
8386.26413807  0.0076  0.0137
8386.22951146  0.0028  0.0149
8386.27194941  0.0063  0.0137
8386.32559499  0.0110  0.0137
8386.29002043  0.0051  0.0137
8386.42784294  0.0037  0.0174
8386.39811323  -0.0057  0.0155
8386.26763583  0.0116  0.0139
8386.32151464  0.0045  0.0149
8386.44960295  0.0046  0.0193
8386.40137772  -0.0022  0.0157
8386.30296175  0.0060  0.0137
8386.25912492  0.0076  0.0138
8386.43157409  0.0048  0.0177
8386.36663437  0.0021  0.0145
8386.32186448  0.0015  0.0140
8386.22391552  0.0031  0.0212
8386.30284529  -0.0001  0.0135
8386.35625765  -0.0049  0.0141
8386.44995283  -0.0058  0.0191
8386.24385174  0.0053  0.0136
8386.39100099  0.0054  0.0155
8386.43495485  0.0060  0.0181
8386.34389954  0.0029  0.0140
8386.33189133  0.0023  0.0139
8386.28290909  0.0060  0.0137
8386.34378309  -0.0038  0.0139
8386.43460486  -0.0028  0.0177
8386.29433436  0.0078  0.0137
8386.28325843  0.0084  0.0138
8386.23242637  0.0076  0.0143
8386.37910934  0.0018  0.0149
8386.41676706  0.0012  0.0166
8386.28582381  0.0020  0.0135
8386.33503862  0.0044  0.0140
8386.38587142  -0.0042  0.0151
8386.39718031  -0.0003  0.0156
8386.25026437  0.0112  0.0138
8386.26507085  0.0088  0.0138
8386.32979216  0.0070  0.0141
8386.31641074  0.0077  0.0132
8386.38575496  0.0064  0.0153
8386.23837223  0.0076  0.0137
8386.25061380  0.0083  0.0137
8386.29771547  0.0070  0.0136
8386.34646444  -0.0056  0.0139
8386.36453586  0.0046  0.0144
8386.41338581  -0.0022  0.0163
8386.32990919  0.0024  0.0140
8386.22986119  0.0058  0.0149
8386.28885509  0.0051  0.0136
8386.42667681  -0.0021  0.0171
8386.39927911  -0.0027  0.0156
8386.26297250  0.0020  0.0136
8386.44319097  -0.0065  0.0184
8386.40545813  -0.0023  0.0160
8386.32676110  0.0047  0.0140
8386.22834567  0.0062  0.0157
8386.27311556  0.0082  0.0137
8386.28897151  0.0098  0.0137
8386.38738702  -0.0002  0.0151
8386.42656039  0.0066  0.0174
8386.30028053  0.0050  0.0137
8386.36197054  0.0017  0.0144
8386.40580803  0.0011  0.0162
8386.30785888  0.0134  0.0764
8386.22822927  0.0079  0.0157
8386.37024837  0.0003  0.0146
8386.45240131  0.0023  0.0197
8386.27941146  0.0041  0.0136
8386.33305691  0.0035  0.0139
8386.34506537  -0.0052  0.0139
8386.38983509  0.0012  0.0153
8386.24734935  0.0094  0.0137
8386.42026477  0.0060  0.0170
8386.37794327  -0.0012  0.0148
8386.23592374  0.0035  0.0138
8386.27976071  0.0021  0.0136
8386.29083669  0.0138  0.0138
8386.34494895  -0.0076  0.0138
8386.25562739  0.0098  0.0138
8386.30645951  0.0151  0.0284
8386.45076904  -0.0004  0.0193
8386.40254340  -0.0058  0.0157
8386.32034867  0.0085  0.0136
8386.27113325  0.0095  0.0138
8386.45111843  0.0049  0.0195
8386.42282988  -0.0020  0.0168
8386.35509208  0.0040  0.0143
8386.30634300  0.0122  0.0192
8386.32069865  0.0024  0.0145
8386.36780020  0.0046  0.0146
8386.42807593  0.0022  0.0173
8386.27428120  0.0052  0.0137
8386.22717958  0.0047  0.0164
8386.32326352  0.0006  0.0131
8386.44668849  -0.0001  0.0188
8386.40895555  -0.0065  0.0160
8386.26180641  0.0078  0.0137
8386.35334311  0.0064  0.0144
8386.42551104  0.0035  0.0172
8386.25306210  0.0055  0.0137
8386.34110175  -0.0022  0.0138
8386.37374628  0.0029  0.0147
8386.22706316  0.0044  0.0165
8386.30902478  0.0034  0.2784
8386.40930567  0.0089  0.0165
8386.35847342  -0.0002  0.0143
8386.42539456  0.0013  0.0171
8386.35299319  -0.0014  0.0142
8386.24163653  0.0052  0.0136
8386.31466651  0.0070  0.0162
8386.27684612  0.0045  0.0136
8386.41058797  -0.0056  0.0161
8386.25142988  0.0028  0.0136
8386.45496612  0.0104  0.0202
8386.39368277  0.0011  0.0155
8386.38237383  0.0038  0.0152
8386.33853644  0.0035  0.0139
8386.28465786  0.0041  0.0136
8386.37584499  0.0022  0.0148
8386.41455182  0.0036  0.0166
8386.34996205  -0.0024  0.0141
8386.29654980  0.0126  0.0139
8386.25177966  0.0046  0.0137
8386.23953787  0.0063  0.0137
8386.38225680  -0.0017  0.0150
8386.23475766  0.0088  0.0141
8386.28092692  0.0072  0.0137
8386.37677753  -0.0010  0.0147
8386.34611455  -0.0024  0.0139
8386.29200291  0.0019  0.0135
8386.41909914  -0.0016  0.0167
8386.33422270  0.0025  0.0139
8386.28057701  0.0097  0.0137
8386.24618353  0.0086  0.0136
8386.34623157  -0.0029  0.0139
8386.38866923  -0.0024  0.0151
8386.45356673  -0.0035  0.0196
8386.42924219  0.0002  0.0174
8386.30517715  0.0102  0.0141
8386.45228482  0.0002  0.0195
8386.42166393  0.0014  0.0170
8386.35392598  0.0001  0.0143
8386.31953296  0.0038  0.0132
8386.36896630  0.0027  0.0146
8386.22158365  0.0021  0.0282
8386.40370932  -0.0035  0.0159
8386.45193486  0.0052  0.0196
8386.25679330  0.0091  0.0138
8386.30529363  0.0051  0.0140
8386.26996731  0.0088  0.0137
8386.31918293  0.0072  0.0131
8386.42422868  -0.0041  0.0168
8386.35182739  0.0038  0.0142
8386.24280277  0.0098  0.0138
8386.22589709  0.0090  0.0178
8386.37258029  -0.0044  0.0146
8386.40813961  0.0093  0.0164
8386.35963895  -0.0014  0.0143
8386.31019041  -0.0132  0.3919
8386.25422823  0.0012  0.0136
8386.35217735  -0.0029  0.0141
8386.42434513  -0.0033  0.0169
8386.33993578  0.0015  0.0139
8386.32442916  0.0074  0.0134
8386.27544700  0.0071  0.0138
8386.22601410  0.0091  0.0177
8386.26064045  0.0066  0.0138
8386.40778956  -0.0027  0.0161
8386.44552258  -0.0040  0.0187
8386.29538405  0.0050  0.0136
8386.25294568  0.0059  0.0138
8386.34879608  -0.0021  0.0140
8386.38342301  -0.0058  0.0149
8386.24070393  0.0034  0.0136
8386.37467857  -0.0016  0.0146
8386.41571768  -0.0052  0.0164
8386.39484875  -0.0038  0.0154
8386.45613200  0.0091  0.0203
8386.25259580  0.0031  0.0137
8386.28349203  0.0071  0.0137
8386.38353949  0.0020  0.0150
8386.33737078  0.0033  0.0140
8386.27801235  0.0091  0.0137
8386.31292185  0.0098  0.0593
8386.40942217  0.0022  0.0163
8386.30447783  0.0111  0.0140
8386.40452524  -0.0006  0.0160
8386.42143040  0.0030  0.0170
8386.35369305  -0.0008  0.0142
8386.36919917  -0.0062  0.0144
8386.22228291  0.0014  0.0255
8386.42994159  0.0001  0.0174
8386.45123548  -0.0024  0.0193
8386.40440879  -0.0001  0.0161
8386.25702610  0.0042  0.0136
8386.26973453  0.0098  0.0137
8386.22263297  0.0067  0.0246
8386.43029108  0.0038  0.0176
8386.41933209  0.0006  0.0168
8386.45461631  0.0051  0.0200
8386.23499107  0.0032  0.0140
8386.37747674  -0.0002  0.0148
8386.34541525  -0.0008  0.0140
8386.29176941  0.0087  0.0137
8386.24699952  0.0044  0.0135
8386.45426635  -0.0089  0.0195
8386.37782682  0.0021  0.0149
8386.33398975  0.0085  0.0141
8386.27987773  0.0055  0.0136
8386.24688313  0.0038  0.0135
8386.38890268  0.0002  0.0153
8386.37491209  0.0006  0.0147
8386.41548471  0.0046  0.0167
8386.41047150  -0.0043  0.0161
8386.29561694  0.0060  0.0136
8386.34949588  -0.0002  0.0141
8386.38272369  -0.0058  0.0149
8386.24047051  0.0049  0.0136
8386.28430801  0.0096  0.0137
8386.27777881  0.0093  0.0137
8386.31257274  -0.0017  0.0801
8386.41012151  -0.0007  0.0162
8386.34984562  -0.0050  0.0140
8386.45636497  -0.0062  0.0196
8386.39461515  -0.0067  0.0154
8386.25189668  0.0059  0.0138
8386.28419157  0.0019  0.0135
8386.33760363  0.0012  0.0139
8386.22519794  0.0061  0.0187
8386.32524555  0.0059  0.0136
8386.37234684  0.0023  0.0147
8386.44633847  0.0057  0.0190
8386.35987241  0.0024  0.0144
8386.31089000  0.0249  0.4439
8386.42352949  -0.0050  0.0168
8386.35112819  0.0044  0.0143
8386.25527741  0.0098  0.0138
8386.24303572  0.0104  0.0138
8386.32512907  0.0065  0.0135
8386.27568047  0.0068  0.0138
8386.26040761  0.0089  0.0138
8386.44622197  -0.0044  0.0188
8386.40709023  0.0009  0.0163
8386.25492745  0.0110  0.0138
8386.33970230  0.0032  0.0139
8386.42912518  0.0009  0.0174
8386.25586014  0.0056  0.0136
8386.40324277  -0.0021  0.0158
8386.45006920  0.0026  0.0193
8386.31964941  0.0044  0.0132
8386.27090042  0.0075  0.0138
8386.22146658  0.0055  0.0288
8386.42877587  0.0015  0.0174
8386.40335924  -0.0034  0.0159
8386.42259629  0.0067  0.0171
8386.35485865  -0.0060  0.0141
8386.30564361  0.0074  0.0142
8386.22111726  0.0101  0.0306
8386.36803308  -0.0036  0.0144
8386.27871178  0.0102  0.0137
8386.37899290  -0.0039  0.0148
8386.33282398  0.0066  0.0140
8386.39006867  0.0016  0.0153
8386.24804904  0.0073  0.0137
8386.45310082  0.0060  0.0201
8386.37864304  0.0008  0.0149
8386.23615724  0.0049  0.0138
8386.29060383  0.0070  0.0137
8386.24816546  0.0078  0.0137
8386.34424964  0.0031  0.0140
8386.42049823  0.0030  0.0169
8386.45345026  0.0106  0.0201
8386.25073078  0.0017  0.0136
8386.35101118  0.0010  0.0142
8386.39344982  -0.0014  0.0155
8386.45519956  0.0015  0.0199
8386.33876995  -0.0029  0.0138
8386.28535690  0.0104  0.0137
8386.31431760  0.0071  0.0173
8386.27661309  0.0079  0.0138
8386.41128755  -0.0030  0.0162
8386.35066186  -0.0012  0.0141
8386.29678265  0.0085  0.0137
8386.23930504  0.0082  0.0138
8386.28547385  0.0085  0.0137
8386.38155757  -0.0022  0.0150
8386.37607795  -0.0012  0.0147
8386.41431894  -0.0084  0.0163
8386.41163751  0.0011  0.0163
8386.25376184  0.0055  0.0136
8386.34086825  0.0025  0.0140
8386.27451458  0.0076  0.0138
8386.32396331  0.0072  0.0133
8386.40825606  -0.0009  0.0161
8386.44738792  -0.0017  0.0189
8386.26157351  0.0077  0.0138
8386.31007394  0.0183  0.6014
8386.25411174  0.0043  0.0136
8386.42469508  -0.0007  0.0170
8386.35229383  -0.0004  0.0142
8386.24186992  0.0043  0.0136
8386.32407976  0.0049  0.0132
8386.37351279  -0.0025  0.0145
8386.22636343  0.0089  0.0173
8386.30972435  0.0037  0.3636
8386.44750446  -0.0011  0.0189
8386.35870627  0.0049  0.0144
8386.24455140  0.0074  0.0136
8386.39123438  0.0014  0.0154
8386.33165791  0.0010  0.0139
8386.38015870  0.0012  0.0150
8386.28220924  0.0046  0.0137
8386.41700060  -0.0004  0.0166
8386.34308375  -0.0050  0.0138
8386.43390541  0.0061  0.0180
8386.24466785  0.0057  0.0135
8386.29410154  0.0033  0.0136
8386.23265914  0.0038  0.0141
8386.37980867  0.0027  0.0150
8386.22496449  0.0012  0.0189
8386.26740240  0.0066  0.0138
8386.32081509  0.0051  0.0145
8386.40207693  -0.0036  0.0158
8386.44890353  -0.0037  0.0190
8386.25935781  0.0090  0.0138
8386.43262319  0.0024  0.0178
8386.36686731  -0.0031  0.0143
8386.22461456  0.0062  0.0200
8386.30214563  0.0077  0.0137
8386.35602477  -0.0007  0.0142
8386.40219342  0.0009  0.0159
8386.43227312  -0.0028  0.0176
8386.30890771  0.0111  0.2688
8386.26273899  0.0106  0.0138
8386.40475830  -0.0050  0.0159
8386.44388995  0.0017  0.0186
8386.32746095  0.0089  0.0141
8386.27334844  0.0040  0.0137
8386.38820333  0.0031  0.0153
8386.28815541  0.0031  0.0135
8386.39951203  -0.0014  0.0157
8386.36220401  -0.0035  0.0143
8386.44400705  0.0021  0.0186
8386.30855823  -0.0093  0.2158
8386.22752952  0.0040  0.0162
8386.37001550  0.0002  0.0145
8386.32757737  0.0085  0.0141
8386.38808627  0.0017  0.0152
8386.42586100  -0.0080  0.0169
8386.30004711  0.0121  0.0138
8386.26530375  0.0058  0.0138
8386.23067732  0.0025  0.0145
8386.32909281  0.0001  0.0139
8386.31606171  0.0014  0.0131
8386.28652312  0.0077  0.0137
8386.33527209  -0.0044  0.0138
8386.39694734  -0.0034  0.0155
8386.34751369  0.0012  0.0141
8386.24956444  0.0085  0.0137
8386.36430235  0.0027  0.0144
8386.41315282  0.0043  0.0165
8386.23056089  0.0006  0.0145
8386.38505492  -0.0039  0.0149
8386.28663956  0.0043  0.0136
8386.23813883  0.0078  0.0137
8386.29794890  0.0089  0.0137
8386.34716427  -0.0014  0.0140
8386.24583355  0.0045  0.0135
8386.29293571  0.0054  0.0136
8386.34191736  -0.0030  0.0138
8386.43273971  0.0051  0.0179
8386.38097451  -0.0022  0.0150
8386.23382511  0.0117  0.0143
8386.41816609  -0.0034  0.0166
8386.39240052  0.0014  0.0155
8386.24571713  0.0011  0.0134
8386.28104336  0.0053  0.0136
8386.33049173  0.0051  0.0140
8386.38132461  0.0044  0.0151
8386.43110759  0.0009  0.0176
8386.22344869  0.0059  0.0224
8386.36570147  -0.0045  0.0142
8386.35719067  -0.0075  0.0141
8386.40102774  -0.0019  0.0157
8386.30331162  0.0062  0.0137
8386.43145709  0.0057  0.0178
8386.32198087  0.0032  0.0139
8386.22379849  0.0008  0.0214
8386.26856856  0.0094  0.0139
8386.25819214  0.0095  0.0138
8386.44773743  -0.0084  0.0187
8386.40091127  -0.0035  0.0157
8386.38692068  -0.0006  0.0151
8386.30121335  0.0057  0.0137
8386.42702686  0.0005  0.0172
8386.30739240  -0.0208  0.0603
8386.36103824  -0.0046  0.0142
8386.44517266  -0.0043  0.0186
8386.37118139  -0.0012  0.0146
8386.32641127  0.0011  0.0138
8386.22869537  0.0079  0.0155
8386.28932132  0.0031  0.0136
8386.38703707  0.0020  0.0152
8386.39834619  0.0038  0.0158
8386.44505627  -0.0000  0.0187
8386.40592450  -0.0072  0.0159
8386.30774236  0.0144  0.0709
8386.26390510  0.0102  0.0138
8386.27218291  0.0049  0.0137
8386.32629486  0.0080  0.0139
8386.28780546  0.0085  0.0137
8386.23697299  0.0113  0.0139
8386.38388939  -0.0011  0.0150
8386.34833014  -0.0001  0.0140
8386.29911486  0.0052  0.0136
8386.36313643  -0.0024  0.0143
8386.41198692  -0.0002  0.0163
8386.23172656  0.0084  0.0144
8386.33643815  0.0038  0.0140
8386.28768894  0.0073  0.0137
8386.24839888  0.0046  0.0136
8386.39578114  -0.0042  0.0153
8386.34867959  0.0045  0.0142
8386.26646982  0.0138  0.0140
8386.32792725  0.0042  0.0140
8386.31780634  0.0074  0.0130
8386.23184302  0.0073  0.0143
8386.42819299  0.0023  0.0173
8386.32058222  0.0044  0.0139
8386.36768377  -0.0022  0.0144
8386.22053391  0.0026  0.0332
8386.30622658  0.0039  0.0164
8386.42271337  0.0000  0.0169
8386.45100197  0.0015  0.0194
8386.35520856  0.0020  0.0143
8386.27101675  0.0074  0.0138
8386.32046516  0.0097  0.0138
8386.40242696  -0.0040  0.0158
8386.45088553  -0.0012  0.0193
8386.25574378  0.0080  0.0137
8386.30657600  0.0038  0.0285
8386.34483255  -0.0017  0.0140
8386.29095372  0.0087  0.0137
8386.23580727  0.0074  0.0139
8386.27964433  0.0045  0.0136
8386.37805971  0.0032  0.0149
8386.42014839  0.0026  0.0169
8386.24723290  0.0060  0.0136
8386.34518182  -0.0032  0.0139
8386.38995160  0.0010  0.0153
8386.33294044  0.0009  0.0139
8386.27952787  0.0082  0.0137
8386.45251777  -0.0039  0.0194
8386.38214039  0.0008  0.0151
8386.23965489  0.0056  0.0137
8386.29643334  0.0092  0.0138
8386.25166331  0.0086  0.0138
8386.35007848  -0.0004  0.0141
8386.41466826  -0.0064  0.0163
8386.37596153  -0.0027  0.0146
8386.28454089  0.0085  0.0137
8386.38249024  -0.0021  0.0150
8386.33865292  0.0089  0.0141
8386.39356627  0.0017  0.0155
8386.45508254  0.0057  0.0201
8386.25154692  0.0072  0.0138
8386.41070439  -0.0028  0.0162
8386.27696315  0.0083  0.0137
8386.31449150  0.0118  0.0164
8386.24175293  0.0036  0.0136
8386.42527806  -0.0008  0.0170
8386.35311022  -0.0006  0.0142
8386.40918921  0.0030  0.0163
8386.35835638  0.0017  0.0143
8386.30914125  0.0251  0.2222
8386.22694671  0.0033  0.0166
8386.37386276  0.0017  0.0147
8386.34121822  -0.0048  0.0138
8386.25317903  0.0090  0.0138
8386.35322668  0.0021  0.0143
8386.42562752  -0.0057  0.0169
8386.26168994  0.0049  0.0136
8386.40907206  -0.0045  0.0160
8386.44657202  -0.0054  0.0186
8386.32314702  0.0068  0.0133
8386.27439813  0.0089  0.0138
8386.22729602  0.0064  0.0165
8386.31929941  0.0044  0.0131
8386.26985094  0.0108  0.0138
8386.25690969  0.0072  0.0137
8386.30541012  0.0096  0.0142
8386.45205129  -0.0068  0.0193
8386.40359281  -0.0021  0.0160
8386.22170012  0.0028  0.0277
8386.31941588  0.0057  0.0132
8386.36884929  0.0025  0.0146
8386.42154743  -0.0041  0.0168
8386.45216776  -0.0047  0.0194
8386.35404301  0.0002  0.0142
8386.30506066  0.0064  0.0140
8386.42935869  -0.0054  0.0173
8386.45368384  -0.0004  0.0198
8386.34634806  -0.0004  0.0140
8386.38878624  -0.0045  0.0151
8386.24606712  0.0098  0.0137
8386.28069347  0.0061  0.0137
8386.33410625  0.0053  0.0140
8386.41898208  0.0045  0.0168
8386.29211942  0.0104  0.0137
8386.34599807  0.0008  0.0140
8386.37689398  -0.0041  0.0147
8386.23464126  0.0096  0.0142
8386.28081054  0.0075  0.0137
8386.40953868  0.0009  0.0162
8386.31274711  -0.0051  0.0905
8386.27812883  0.0060  0.0136
8386.38365595  -0.0006  0.0150
8386.33748720  0.0050  0.0140
8386.28337493  0.0097  0.0138
8386.25271226  0.0076  0.0138
8386.45624853  -0.0025  0.0198
8386.39473227  0.0011  0.0156
8386.41583466  -0.0022  0.0165
8386.37479561  0.0036  0.0148
8386.24082035  0.0104  0.0138
8386.38330657  -0.0036  0.0150
8386.34891312  -0.0020  0.0140
8386.29526705  0.0053  0.0136
8386.25282928  0.0061  0.0138
8386.44540612  0.0030  0.0189
8386.40790660  -0.0029  0.0162
8386.26052406  0.0109  0.0139
8386.27556397  0.0069  0.0138
8386.22613052  0.0084  0.0175
8386.32431271  0.0058  0.0133
8386.34005215  0.0002  0.0138
8386.35206089  0.0010  0.0142
8386.42446218  0.0028  0.0170
8386.25434463  0.0062  0.0137
8386.31030694  0.0252  0.4522
8386.40802312  0.0017  0.0163
8386.35952250  0.0031  0.0144
8386.37269672  -0.0024  0.0146
8386.22578066  0.0127  0.0181
8386.24291921  0.0115  0.0138
8386.42411224  -0.0049  0.0168
8386.35194445  -0.0068  0.0140
8386.33060876  0.0079  0.0141
8386.28185980  0.0084  0.0137
8386.24490127  0.0110  0.0136
8386.43367250  0.0031  0.0179
8386.39228343  -0.0007  0.0154
8386.34285025  0.0001  0.0140
8386.28197635  0.0094  0.0137
8386.23347523  0.0031  0.0141
8386.38039163  -0.0072  0.0148
8386.34250026  -0.0043  0.0138
8386.43355605  0.0016  0.0179
8386.29328493  0.0099  0.0137
8386.41781655  -0.0005  0.0166
8386.44855348  0.0002  0.0191
8386.40009499  0.0045  0.0158
8386.30424435  0.0044  0.0137
8386.25807568  0.0063  0.0137
8386.26868500  0.0139  0.0140
8386.32279709  0.0042  0.0133
8386.43052469  0.0028  0.0176
8386.30389442  0.0062  0.0138
8386.35754067  -0.0002  0.0143
8386.44867053  -0.0050  0.0189
8386.36535155  0.0009  0.0144
8386.32291354  0.0016  0.0132
8386.22286583  0.0070  0.0239
8386.39799619  -0.0030  0.0155
8386.42795944  0.0009  0.0173
8386.28990406  0.0063  0.0137
8386.32547854  0.0025  0.0135
8386.22962781  0.0103  0.0151
8386.27206585  0.0053  0.0137
8386.26402160  0.0048  0.0137
8386.44424005  -0.0042  0.0185
8386.40674028  -0.0069  0.0160
8386.42760990  0.0046  0.0173
8386.30132983  0.0132  0.0139
8386.29025396  0.0020  0.0136
8386.38610442  0.0025  0.0152
8386.22927799  0.0032  0.0151
8386.37153074  -0.0009  0.0146
8386.36068818  -0.0004  0.0143
8386.40685731  -0.0022  0.0161
8386.30680951  -0.0011  0.0357
8386.39589759  0.0050  0.0156
8386.24921504  0.0056  0.0136
8386.28687307  0.0037  0.0136
8386.33632115  0.0040  0.0140
8386.38482187  -0.0026  0.0150
8386.32851006  0.0034  0.0140
8386.31798101  0.0081  0.0129
8386.26612039  0.0087  0.0138
8386.24933148  0.0070  0.0137
8386.29876497  0.0141  0.0139
8386.34774723  -0.0026  0.0140
8386.38447241  0.0026  0.0151
8386.23732292  0.0046  0.0137
8386.32885988  -0.0020  0.0139
8386.23091027  0.0064  0.0145
8386.36325343  -0.0017  0.0143
8386.41233690  -0.0016  0.0163
8386.41665056  -0.0040  0.0165
8386.37922578  -0.0084  0.0147
8386.28314196  0.0115  0.0138
8386.23230935  0.0074  0.0142
8386.29445137  0.0029  0.0135
8386.34366662  0.0007  0.0140
8386.43472195  -0.0010  0.0178
8386.28302548  0.0073  0.0137
8386.33177430  0.0018  0.0139
8386.43483841  -0.0078  0.0176
8386.39111796  -0.0044  0.0152
8386.34401600  -0.0041  0.0138
8386.24373532  0.0091  0.0138
8386.35637459  -0.0033  0.0142
8386.44983641  -0.0051  0.0191
8386.30272889  0.0016  0.0135
8386.22403190  0.0033  0.0210
8386.36651786  0.0038  0.0145
8386.32174808  0.0062  0.0141
8386.43169055  0.0015  0.0177
8386.30307877  0.0038  0.0136
8386.25924136  0.0072  0.0138
8386.40126065  0.0030  0.0159
8386.44971938  0.0012  0.0192
8386.32163107  0.0018  0.0144
8386.26751941  0.0033  0.0137
8386.37036536  0.0009  0.0146
8386.22811227  0.0036  0.0157
8386.30797533  0.0155  0.0762
8386.36185409  -0.0057  0.0142
8386.40569100  -0.0000  0.0161
8386.30016412  0.0105  0.0138
8386.42644388  -0.0044  0.0171
8386.38727058  0.0051  0.0153
8386.28908793  0.0069  0.0137
8386.22846201  0.0045  0.0155
8386.27323201  0.0045  0.0137
8386.32664463  0.0075  0.0140
8386.40557457  -0.0003  0.0161
8386.26285549  0.0109  0.0138
8386.39916204  -0.0021  0.0156
8386.42679389  -0.0008  0.0171
8386.28873806  0.0065  0.0137
8386.22974479  0.0105  0.0150
8386.33002566  0.0063  0.0141
8386.36441939  0.0008  0.0144
8386.41350289  0.0042  0.0165
8386.34658085  -0.0030  0.0139
8386.25049734  0.0037  0.0136
8386.29759901  0.0114  0.0138
8386.23848867  -0.0016  0.0135
8386.38563789  -0.0003  0.0151
8386.32967571  0.0052  0.0140
8386.31623607  0.0117  0.0132
8386.26495441  0.0091  0.0138
8386.25038083  0.0066  0.0137
8386.39706382  0.0001  0.0156
8386.33515565  -0.0016  0.0139
8386.38598794  0.0001  0.0152
8386.28570676  0.0080  0.0137
