8284.67413492 1.011765811245225 0.005311687673530944
8284.67436966 1.012791388507674 0.005317071870192522
8284.67460371 1.0144718487222415 0.005512769435883042
8284.67483197 1.0 0.005342022823155823
8284.6750652 1.002212926605072 0.0053538443275860876
8284.67530654 1.000829274291425 0.005346452825347272
8284.67554707 1.0082308919881027 0.005385992436011198
8284.67578829 0.9971488667073553 0.005326792004034656
8284.6760302 1.010927475079646 0.005307286477298092
8284.67627224 1.014004774727032 0.0053234420485015355
8284.67651346 1.002766922996587 0.005264444246984495
8284.6767482 1.010462032953039 0.005211774691513993
8284.67698051 1.0169977685155844 0.005245484796480289
8284.67722173 0.9954971018007063 0.005317968238204848
8284.67745647 1.0052636988530066 0.005277552115814133
8284.67768148 1.010462032953039 0.005211774691513993
8284.67790604 1.0162486928706957 0.005148020017471258
8284.67813939 1.0098107739687379 0.005208415619147779
8284.67837482 1.0083237577615514 0.005200745866913907
8284.67860667 1.0108343695060134 0.005213695134004887
8284.67884511 1.0029516565041408 0.00517303757064888
8284.67907904 1.0072099327956616 0.005195000965493874
8284.6793051 1.00850951497018 0.005201703967948011
8284.67953127 1.000921458319296 0.005254755708520995
8284.67975652 0.9986194028465246 0.005242670105763322
8284.67998837 0.9948554879545151 0.005314540722394842
8284.6802304 1.0132579035891947 0.005226195270760974
8284.68047532 1.015126113781431 0.005142333358621636
8284.68071076 1.0146587385553931 0.005139965771793537
8284.68094411 1.006190007451401 0.00518974038080776
8284.68118672 1.004430750254304 0.005180666460327148
8284.68142725 1.018497576640519 0.005065603932590267
8284.68166858 0.9937565404474207 0.0052171404763013355
8284.68191119 1.0045232660056456 0.005181143639316248
8284.68215323 1.0079523459817652 0.005198830194230626
8284.68239514 1.001751496752416 0.005166847370506938
8284.68263717 1.000829274291425 0.0051620907190688915
8284.68287909 0.9958639240535893 0.00522820406769756
8284.68311742 1.014004774727032 0.005136652981427633
8284.68336014 1.0075810710099327 0.005104112368530491
8284.68360137 1.0079523459817652 0.005198830194230626
8284.68384409 0.9931160484209338 0.00521377794560078
8284.68408254 1.0098107739687379 0.00511540739458609
8284.68431728 1.00341363917807 0.00517542039111059
8284.68454982 1.000737098753626 0.005161615294837786
8284.68479254 1.0122318539221955 0.005127671880780991
8284.68503226 1.0063753715724935 0.005098004646195854
8284.6852736 1.009066991946649 0.005111639611399543
8284.68551771 1.00517111490842 0.005091904232531055
8284.68575234 1.0186852081084634 0.004972711623191182
8284.68598418 1.0082308919881027 0.005107404172423435
8284.6862283 1.0091599347312963 0.005019162196584866
8284.68646952 1.0013825058370989 0.005072712241953985
8284.68671155 1.0098107739687379 0.00511540739458609
8284.68695347 1.0010136508380203 0.005070843729913456
8284.6871955 1.0035060612457052 0.005083469555423028
8284.68743637 0.9999079008376685 0.005157338446651799
8284.68767482 1.0055415018560432 0.0050937805049769145
8284.68791673 1.0060046774724964 0.005096126817805491
8284.68815506 1.0082308919881027 0.005014541505597079
8284.6883942 1.0097177712423422 0.005021936654658117
8284.68863542 1.0148456628180953 0.005234384636709953
8284.68887733 1.0100898335486543 0.005023787145346804
8284.68912006 1.0059120252843998 0.005095657468794436
8284.68936059 1.0042457443127055 0.0050872165744964256
8284.68959602 0.9897374419132162 0.005196040538049255
8284.68982856 1.0132579035891947 0.0050395438721413995
8284.6900699 1.011393131599636 0.005123423157672242
8284.69031112 1.0140981723192244 0.005043723036315075
8284.69055165 1.001751496752416 0.0050745814425066085
8284.69079218 1.0062826852437803 0.005097535124238378
8284.69103293 1.0045232660056456 0.005088622418597933
8284.69127126 1.0013825058370989 0.005072712241953985
8284.69151399 0.9970570301320117 0.005142634187305114
8284.6917559 1.0092528860766845 0.005019624499796516
8284.69199504 0.9990793899844618 0.005061045327550938
8284.69223696 1.0016592362787007 0.0050741140778065704
8284.69247968 1.0053562913252823 0.0050002443793631226
8284.69272091 0.9995395890030879 0.005063376561801499
8284.69296363 1.009903785261396 0.005022861814784216
8284.69320347 1.0026745690029655 0.004986906553673981
8284.6934382 1.0035984918261194 0.00508393778183408
8284.69367213 1.0079523459817652 0.005013156127980606
8284.69391417 1.0077666913980048 0.00501223275554343
8284.69415469 1.0013825058370989 0.005072712241953985
8284.69439534 0.9951304146652443 0.00504104096824947
8284.69463806 1.000921458319296 0.005070376709453618
8284.69487928 1.0015669843020976 0.005073646756150429
8284.69511981 1.0102759161104307 0.005024712646377282
8284.69536103 1.010368970246236 0.005025175460827793
8284.69560376 1.0054488923260327 0.005000704940099172
8284.69584591 1.010741272507326 0.004933933303271323
8284.69607972 0.9988953697090682 0.00506011313440964
8284.69631157 1.0078595144150302 0.005012694420500582
8284.69655209 1.012698111269176 0.0049434856112643205
8284.69679482 1.002212926605072 0.004984610527056095
8284.69703673 1.001751496752416 0.0050745814425066085
8284.69727865 1.00517111490842 0.005091904232531055
8284.6975142 0.9980676978261592 0.005055920389611044
8284.69774605 1.0005527731451154 0.005068509057696581
8284.69798495 1.002489886532115 0.005078321910163054
8284.69822536 1.0125115825636553 0.005035831966675295
8284.6984674 0.9930245832647763 0.005121835578508192
8284.69870931 1.0030440360196398 0.0050811290701372434
8284.69895146 0.9977000638225534 0.005054058062778111
8284.69919326 0.9935735005868445 0.005124666791669688
8284.69943518 1.012977968760102 0.005038151587070091
8284.69967721 1.0141915785140494 0.004950775971297354
8284.69991912 1.011393131599636 0.005030269234144862
8284.70016185 1.012791388507674 0.005037223610723245
8284.70040458 1.0141915785140494 0.005044187601767842
8284.7006458 1.0039682992912502 0.005085811118790337
8284.70088482 0.9982515656247144 0.0050568518103490685
8284.70112685 0.9995395890030879 0.005063376561801499
8284.7013683 1.004430750254304 0.004995641104307342
8284.70160883 1.0134445697847918 0.004947129448346951
8284.70185086 1.0122318539221955 0.0049412095761258166
8284.70209209 1.0091599347312963 0.005019162196584866
8284.70232682 1.0035060612457052 0.004991042067072682
8284.70255937 1.0019360431943138 0.0049832334185321535
8284.70280059 0.9997237279589916 0.005064309356143709
8284.70304262 1.0026745690029655 0.004986906553673981
8284.70328384 1.0066534817844943 0.005006696091416456
8284.70352576 1.01456528933552 0.004952600240591585
8284.7037598 1.007395484811251 0.005010386520865223
8284.70399234 1.0086953063997026 0.0050168513191142725
8284.70423067 1.0052636988530066 0.00499978386104433
8284.7044712 1.0158743619746724 0.00495899047839665
8284.70471068 1.0030440360196398 0.004988744136418951
8284.7049519 1.0053562913252823 0.0050002443793631226
8284.70519243 1.0046157902783952 0.0049965614201679005
8284.70543504 1.005819381629492 0.005002547607294097
8284.70567557 1.0120454110965418 0.004940299455512689
8284.70591031 1.0066534817844943 0.005006696091416456
8284.70615234 1.0073027045309633 0.005009925068463694
8284.70639425 1.0029516565041408 0.004988284677262899
8284.70663478 1.0032288205780002 0.004989663181694051
8284.70686443 0.9983435122259094 0.005057317585062298
8284.70709708 0.9966897684035647 0.005048940200312949
8284.70733831 1.0000921076453686 0.0050661754603884696
8284.70758022 1.0140981723192244 0.0049503200089775065
8284.70782295 1.008416632088648 0.005015465303360905
8284.70806128 1.0076738769299014 0.005011771133105233
8284.70830215 1.0005527731451154 0.005068509057696581
8284.70854268 0.997791959626216 0.0050545235801658294
8284.70878598 1.0011058518483809 0.0049791043752794115
8284.70902801 1.002120623634054 0.004984151448602005
8284.70926785 0.9969652020147398 0.00505033546680014
8284.70950907 1.0039682992912502 0.004993341056206292
8284.70975098 1.0141915785140494 0.004950775971297354
8284.70999151 1.0072099327956616 0.005009463658561545
8284.71022984 1.0014747408218247 0.004980939083066081
8284.71046898 1.0040607724473225 0.004993800981093501
8284.71071159 1.002120623634054 0.004984151448602005
8284.7109542 1.0125115825636553 0.004942575071428639
8284.71118894 1.0142849933122986 0.004951231975614817
8284.71142946 1.0060046774724964 0.005003469195496705
8284.71167508 0.9999079008376685 0.004973146240974438
8284.71191631 1.0016592362787007 0.004981856690464794
8284.71215394 1.0082308919881027 0.005014541505597079
8284.71239516 1.0089740577219544 0.005018237717890861
8284.71263719 1.0123250882148271 0.004941664699305146
8284.71287841 1.0052636988530066 0.00499978386104433
8284.71312184 1.0048008643912583 0.004997481905572521
8284.71336306 1.0042457443127055 0.004994720957959616
8284.71360428 1.004430750254304 0.004995641104307342
8284.713847 1.0054488923260327 0.005000704940099172
8284.71409112 1.002212926605072 0.005076918911804034
8284.71433304 1.0130712717756147 0.004945307194195842
8284.71457507 1.0056341199160994 0.005001626188838675
8284.71481559 1.0135379157778264 0.0049475851167917724
8284.71505612 1.0053562913252823 0.005092842282348446
8284.71529399 1.0067462022664035 0.005007157246404511
8284.71552873 1.0023975580533195 0.005077854200969078
8284.71576196 1.0046157902783952 0.0049965614201679005
8284.71600469 1.0075810710099327 0.005011309553182077
8284.7162466 1.0108343695060134 0.0049343877562502934
8284.71648863 1.0056341199160994 0.005001626188838675
8284.71672696 1.0056341199160994 0.005001626188838675
8284.71696749 1.0067462022664035 0.005007157246404511
8284.71720871 1.001751496752416 0.004982315557554116
8284.71744993 1.0066534817844943 0.005006696091416456
8284.71769196 1.002212926605072 0.004984610527056095
8284.71793319 1.002212926605072 0.004984610527056095
8284.7181751 1.0049859725991726 0.004998402560552438
8284.71841563 1.0020283291640624 0.004983692412428656
8284.71865824 1.0102759161104307 0.005024712646377282
8284.71889865 1.0067462022664035 0.005007157246404511
8284.71913269 1.0052636988530066 0.00499978386104433
8284.71936535 1.011765811245225 0.004938934588898922
8284.71960588 1.0053562913252823 0.0050002443793631226
8284.71984641 1.0086953063997026 0.0050168513191142725
8284.72008763 1.007395484811251 0.005010386520865223
8284.72033035 1.0028592854967178 0.0049878252604226535
8284.72057308 1.0059120252843998 0.0050030083801750475
8284.720815 1.008881132056424 0.005017775542400664
8284.72105691 1.0064680664383256 0.005005773908852397
8284.72129744 1.0071171696045593 0.005009002291154862
8284.72153947 1.0078595144150302 0.005012694420500582
8284.72178069 1.010927475079646 0.005027953242872032
8284.72201613 1.0082308919881027 0.005014541505597079
8284.72225642 1.0043382430235857 0.005087685146036582
8284.72249834 1.006560769842064 0.005006234978900388
8284.72273956 1.0077666913980048 0.00501223275554343
8284.7229809 1.0067462022664035 0.005007157246404511
8284.72322351 1.0030440360196398 0.004988744136418951
8284.72346473 1.0039682992912502 0.004993341056206292
8284.72370607 1.0023052380778996 0.005077386534850728
8284.72394659 1.0064680664383256 0.005005773908852397
8284.72418781 1.0083237577615514 0.005015003383207762
8284.72442973 1.002489886532115 0.005078321910163054
8284.72467246 1.0062826852437803 0.005004851896144998
8284.72491437 1.000644931705117 0.005068975906131415
8284.72515559 1.0071171696045593 0.005101762379066546
8284.72539762 1.0041532541208795 0.004994260948343309
8284.72564406 1.0102759161104307 0.005024712646377282
8284.72588528 1.0078595144150302 0.005012694420500582
8284.7261258 1.0057267465069872 0.005094718900448298
8284.72636633 1.001843765724026 0.005075048850254509
8284.72660894 1.002766922996587 0.005079725296238408
8284.72685016 1.008138034767514 0.005014079670524938
8284.72709069 1.0094388144528383 0.0050205492339687185
8284.72733272 1.0064680664383256 0.005098474211399893
8284.72757394 1.0053562913252823 0.0050002443793631226
8284.72780799 1.0108343695060134 0.005027490172590122
8284.72803983 1.0035984918261194 0.00508393778183408
8284.72828106 1.0032288205780002 0.005082065134913545
8284.72852228 1.0019360431943138 0.005075516301054235
8284.7287635 1.0033212256224295 0.0050825332319667325
8284.72900553 1.0067462022664035 0.005007157246404511
8284.72924501 1.00517111490842 0.0049993233851388895
8284.72948693 1.011765811245225 0.005032122795234834
8284.72972815 1.000921458319296 0.005070376709453618
8284.72997018 1.0078595144150302 0.005012694420500582
8284.73021141 1.009903785261396 0.005022861814784216
8284.73045263 1.009066991946649 0.005018699935950955
8284.73069385 1.0148456628180953 0.004953968883686174
8284.73093507 1.011393131599636 0.005030269234144862
8284.73117062 1.0086024064069354 0.005109286156310202
8284.73140316 1.0131645833850484 0.005039079734372244
8284.73164508 1.0036909309200972 0.005084406051372364
8284.7318878 0.9993554839637097 0.005062443939270532
8284.73212983 1.0053562913252823 0.0050002443793631226
8284.73237175 1.001751496752416 0.0050745814425066085
8284.73261332 1.0060046774724964 0.005003469195496705
8284.73285454 1.0092528860766845 0.005019624499796516
8284.73309507 1.0070244149568692 0.00500854096623973
8284.73333629 1.0080451860989972 0.005013617877987418
8284.7335804 1.010462032953039 0.005025638317907055
8284.73382163 1.0067462022664035 0.005007157246404511
8284.73406285 1.0038758346518781 0.00499288117367778
8284.73430198 1.0055415018560432 0.005001165543256387
8284.73454321 1.0089740577219544 0.005018237717890861
8284.73478512 1.0025822235150692 0.004986447263757762
8284.73502495 1.001843765724026 0.005075048850254509
8284.73526618 1.0083237577615514 0.005015003383207762
8284.73550821 1.00517111490842 0.0049993233851388895
8284.73574873 1.0035984918261194 0.00508393778183408
8284.7359888 1.005819381629492 0.005002547607294097
8284.73622423 1.009903785261396 0.005022861814784216
8284.73646187 1.008881132056424 0.005017775542400664
8284.73670239 1.008138034767514 0.005014079670524938
8284.73694292 1.0111137119549067 0.005028879511396721
8284.73718345 1.0040607724473225 0.005086279560877277
8284.73742397 1.0060973381945684 0.005096596210047179
8284.7376652 1.0020283291640624 0.005075983794909754
8284.73790642 1.0037833785284218 0.005084874364041854
8284.73814984 1.0040607724473225 0.005086279560877277
8284.73839036 1.011859002611763 0.005032586292216708
8284.73863309 1.0091599347312963 0.005019162196584866
8284.73887142 1.0087882149492695 0.00501731340947644
8284.73911264 1.0076738769299014 0.005011771133105233
8284.73935178 1.009066991946649 0.005018699935950955
8284.73959277 1.0082308919881027 0.005107404172423435
8284.73983468 1.0158743619746724 0.005052557100833267
8284.74007591 1.011020589229014 0.005028416355806255
8284.74031724 1.011765811245225 0.005032122795234834
8284.74055765 1.008416632088648 0.005015465303360905
8284.74079899 0.9992634441607651 0.005061977692424374
8284.74104091 1.0087882149492695 0.005110227408291203
8284.74128143 1.0066534817844943 0.00509941347156359
8284.74152335 1.002212926605072 0.005076918911804034
8284.74176538 1.007395484811251 0.005103172242877703
8284.74200799 1.0097177712423422 0.0051149362698500655
8284.74225002 1.0032288205780002 0.005082065134913545
8284.74249194 1.010462032953039 0.005025638317907055
8284.74273467 1.008416632088648 0.0051083450776982595
8284.74297994 1.0091599347312963 0.005019162196584866
8284.74322128 1.0041532541208795 0.005086748046111316
8284.74346319 1.0035060612457052 0.005083469555423028
8284.74370511 1.0176536626205335 0.005061406638186771
8284.74394714 1.012698111269176 0.005130033804759233
8284.74418118 1.0048934142329415 0.0050904974817561136
8284.74441372 1.0013825058370989 0.005072712241953985
8284.74465495 1.0143784167147654 0.005045116861047405
8284.74489617 1.0035060612457052 0.005083469555423028
8284.74513889 1.0153131241457614 0.004956250796056133
8284.74538301 1.007395484811251 0.005010386520865223
8284.74561636 1.0025822235150692 0.005078789662436621
8284.7458489 1.0037833785284218 0.005084874364041854
8284.74609301 0.9978838638941848 0.0051468988416268485
8284.74633493 1.005819381629492 0.005095188163010033
8284.74657395 1.009996805121105 0.00511634977424471
8284.74681737 1.0069316688518044 0.005100822686257946
8284.7470579 1.0134445697847918 0.00513381514628278
8284.74729414 1.00341363917807 0.00517542039111059
8284.74753676 1.0119522025619385 0.005126255248404866
8284.74777879 1.002212926605072 0.005169227339619636
8284.74801931 1.009996805121105 0.00511634977424471
8284.74826123 0.9991714128346095 0.005153539778904008
8284.74850245 1.0101828705448332 0.005117292327512067
8284.74874298 1.004430750254304 0.00508815376073576
8284.74897702 0.9969652020147398 0.005142160555004285
8284.74920817 1.0096247770814193 0.005207456281895696
8284.74945009 1.011765811245225 0.005125311044258523
8284.74969143 1.0091599347312963 0.005205058711757573
8284.74993207 1.0126048426214334 0.005036295805300216
8284.75017329 1.0036909309200972 0.005176850610194666
8284.75041451 1.0000921076453686 0.005158288551007101
8284.75065654 1.00850951497018 0.005108815595335095
8284.75089059 1.005078539490737 0.005091435272416567
8284.75111514 1.0125115825636553 0.005035831966675295
8284.75134768 1.0033212256224295 0.0050825332319667325
8284.75158972 1.0048934142329415 0.0050904974817561136
8284.75183314 1.0004606230728403 0.005068042252258098
8284.75207436 1.0076738769299014 0.005104582496302453
8284.75231627 1.0039682992912502 0.005178281224517479
8284.7525568 1.00517111490842 0.005091904232531055
8284.75279814 1.0015669843020976 0.005165895689704021
8284.75303785 1.0037833785284218 0.005177327437714795
8284.75327989 1.0100898335486543 0.005116821029175297
8284.75352018 1.006190007451401 0.00509706564552348
8284.7537636 1.000829274291425 0.0051620907190688915
8284.75400482 1.008416632088648 0.0051083450776982595
8284.75424604 1.0063753715724935 0.005098004646195854
8284.75448229 1.0063753715724935 0.005098004646195854
8284.7547242 1.0033212256224295 0.005174943739227856
8284.75496612 1.0062826852437803 0.005097535124238378
8284.75520665 1.0078595144150302 0.00510552288175745
8284.75544775 1.0132579035891947 0.0050395438721413995
8284.75568967 1.009066991946649 0.005018699935950955
8284.7559295 1.0048008643912583 0.005090028651202194
8284.75616135 1.0037833785284218 0.005177327437714795
8284.75640257 1.010368970246236 0.005118235054420143
8284.75664529 1.0005527731451154 0.005160664577730062
8284.7568886 1.0045232660056456 0.005088622418597933
8284.75713121 1.0091599347312963 0.005112110432488122
8284.75737324 0.9957722058203878 0.005136007303155104
8284.75761516 1.004430750254304 0.00508815376073576
8284.75785638 1.0083237577615514 0.005107874603395702
8284.75809193 1.0052636988530066 0.005092373235840356
8284.75833095 1.0064680664383256 0.005098474211399893
8284.75857217 1.010927475079646 0.005027953242872032
8284.75881339 1.009996805121105 0.005023324458758987
8284.75905543 1.0026745690029655 0.00507925745779375
8284.75929665 1.0092528860766845 0.005019624499796516
8284.75954007 1.010368970246236 0.005118235054420143
8284.75978198 1.0108343695060134 0.005027490172590122
8284.76002471 1.0080451860989972 0.005013617877987418
8284.76026593 1.0057267465069872 0.005094718900448298
8284.76049847 1.0066534817844943 0.00509941347156359
8284.76073171 0.9988953697090682 0.005152115999950871
8284.76097223 1.002766922996587 0.005079725296238408
8284.76121426 1.0028592854967178 0.005172561138221915
8284.76145618 1.0045232660056456 0.005181143639316248
8284.76169694 1.004430750254304 0.00508815376073576
8284.76193955 1.002766922996587 0.005079725296238408
8284.76217429 1.0035060612457052 0.005175897086896608
8284.76241632 1.0222567808381853 0.005272609801113258
8284.76265754 1.0134445697847918 0.005227158060180316
8284.76289946 1.0060973381945684 0.005189262410065971
8284.76314149 1.0048934142329415 0.0050904974817561136
8284.76338271 1.0077666913980048 0.00501223275554343
8284.76362324 1.0038758346518781 0.00508534271984652
8284.76386342 1.0086953063997026 0.0050168513191142725
8284.76410325 1.0030440360196398 0.0050811290701372434
8284.76434447 1.0054488923260327 0.005000704940099172
8284.7645865 1.0062826852437803 0.005097535124238378
8284.76482842 1.0048008643912583 0.005090028651202194
8284.76506825 1.0060046774724964 0.005188784483344884
8284.76531098 1.0049859725991726 0.005276094075719567
8284.76555359 1.000921458319296 0.005162566187090204
8284.76579481 1.0038758346518781 0.00508534271984652
8284.76603175 1.0001842237745553 0.005066642093881149
8284.76626429 0.9999079008376685 0.005157338446651799
8284.76650482 1.0064680664383256 0.005005773908852397
8284.76674685 1.0046157902783952 0.00508909111962708
8284.76699096 1.0111137119549067 0.005028879511396721
8284.76723218 1.008138034767514 0.00519978794235228
8284.76747364 1.001751496752416 0.0050745814425066085
8284.76771335 0.9974244271896067 0.005144529152800169
8284.76795538 1.0067462022664035 0.005007157246404511
8284.76818943 1.001751496752416 0.0050745814425066085
8284.76842139 1.006190007451401 0.00518974038080776
8284.76866261 1.002120623634054 0.005261051228245157
8284.76890464 1.0054488923260327 0.005093311372059307
8284.76914656 1.0048934142329415 0.0050904974817561136
8284.76938778 1.0045232660056456 0.005088622418597933
8284.769629 0.9965061882721935 0.005048010236813129
8284.76987034 1.0086953063997026 0.004923945920159199
8284.77011226 1.0126048426214334 0.0052228269041001835
8284.77035278 1.0086024064069354 0.005109286156310202
8284.770594 0.9880069509472678 0.0051869556021571514
8284.770838 1.0054488923260327 0.005000704940099172
8284.77107853 1.0 0.005065708869872343
8284.77131906 1.0060973381945684 0.005003930053262976
8284.7715575 1.0029516565041408 0.004988284677262899
8284.77180081 1.0003684814875096 0.005067575489812005
8284.77204214 0.9987113833283402 0.005059181112968851
8284.77228047 1.0012902793471379 0.005072245049405752
8284.77252239 0.9994475322442236 0.005154963951316163
8284.77276361 1.000921458319296 0.005070376709453618
8284.77300494 0.9977000638225534 0.005145950835140324
8284.77324755 0.9982515656247144 0.005148795378568073
8284.77348878 1.0041532541208795 0.005086748046111316
8284.77373081 0.9998158101575928 0.005064775817753921
8284.77397272 0.9977000638225534 0.005054058062778111
8284.77421198 1.002212926605072 0.005076918911804034
8284.7744525 1.005078539490737 0.005091435272416567
8284.77469373 0.9988953697090682 0.005152115999950871
8284.77493495 1.0013825058370989 0.005072712241953985
8284.77517628 1.002212926605072 0.005076918911804034
8284.775416 1.0004606230728403 0.005068042252258098
8284.77565873 0.9982515656247144 0.005148795378568073
8284.77590064 1.0016592362787007 0.0050741140778065704
8284.77614198 1.0010136508380203 0.005070843729913456
8284.7763839 0.9981596274917243 0.005056386078533302
8284.77662581 1.001751496752416 0.0050745814425066085
8284.77686784 1.000644931705117 0.005068975906131415
8284.77711057 0.9946722456789707 0.005038720017551805
8284.77735179 1.0001842237745553 0.005066642093881149
8284.77759151 1.0013825058370989 0.005072712241953985
8284.77783215 1.001751496752416 0.0050745814425066085
8284.77806689 1.0012902793471379 0.005072245049405752
8284.77830163 0.9972407117415496 0.0050517311188669764
8284.77854285 0.9986194028465246 0.005058715166626262
8284.77878407 0.9956804960343589 0.005043827520320145
8284.7790246 1.0028592854967178 0.0050801931777745635
8284.77926663 1.004430750254304 0.00508815376073576
8284.77950716 0.9988033722822612 0.005059647102228658
8284.77974722 1.000644931705117 0.005068975906131415
8284.77998995 1.0003684814875096 0.005067575489812005
8284.78023186 0.9944890371547921 0.005037791936505836
8284.78047239 0.9978838638941848 0.005054989140431257
8284.78071442 0.9984354672960895 0.005057783402676938
8284.78095495 1.0040607724473225 0.004993800981093501
8284.7811942 1.0035984918261194 0.00508393778183408
8284.78142894 1.0015669843020976 0.004981397865636746
8284.7816616 0.9970570301320117 0.005050800641308307
8284.78190282 1.0019360431943138 0.005075516301054235
8284.78214404 0.9995395890030879 0.005063376561801499
8284.78238098 1.0052636988530066 0.00499978386104433
8284.78262359 1.0010136508380203 0.005070843729913456
8284.78285833 1.0053562913252823 0.0050002443793631226
8284.78308809 0.9989873756095415 0.005060579209515749
8284.78332862 1.0011058518483809 0.005071310793389451
8284.78357053 0.9997237279589916 0.00515638851729607
8284.78380597 1.0019360431943138 0.005075516301054235
8284.78404719 1.0026745690029655 0.00507925745779375
8284.78428922 1.0026745690029655 0.00507925745779375
8284.78453114 1.0019360431943138 0.005075516301054235
8284.78477271 0.9954054173515271 0.005134115476647222
8284.78501393 1.0041532541208795 0.005086748046111316
8284.78524728 1.0040607724473225 0.005086279560877277
8284.78548051 0.9993554839637097 0.005062443939270532
8284.78572266 0.9997237279589916 0.005064309356143709
8284.78596295 0.9951304146652443 0.005132697064085715
8284.78620429 0.9965061882721935 0.005139793047736874
8284.7864469 1.002766922996587 0.005079725296238408
8284.78669032 1.002120623634054 0.005076451331825032
8284.78693305 0.9932990040079455 0.005123250989515665
8284.78717068 1.001751496752416 0.0050745814425066085
8284.7874119 1.0014747408218247 0.005073179477534223
8284.78765312 1.0003684814875096 0.005067575489812005
8284.78789585 1.0 0.005065708869872343
8284.78813337 1.009066991946649 0.005018699935950955
8284.78837389 1.000737098753626 0.005069442797566558
8284.78861512 1.000829274291425 0.005069909732005972
8284.78885854 1.0005527731451154 0.005068509057696581
8284.78910057 0.9981596274917243 0.00514832117882669
8284.78934121 1.0014747408218247 0.005073179477534223
8284.78958162 1.000829274291425 0.0051620907190688915
8284.78982354 0.9972407117415496 0.005143581582786256
8284.79006476 0.9995395890030879 0.005063376561801499
8284.79030679 1.000276348388342 0.005067108770354341
8284.7905494 0.9964144108869954 0.00513931967710262
8284.79079074 0.9989873756095415 0.005060579209515749
8284.79103196 1.0010136508380203 0.005070843729913456
8284.79127318 0.9992634441607651 0.005061977692424374
8284.79151301 1.0014747408218247 0.005073179477534223
8284.79175065 1.0048008643912583 0.005090028651202194
8284.79199256 0.9940311634657776 0.00512702733143455
8284.79223529 1.002489886532115 0.005078321910163054
8284.7924772 1.0023975580533195 0.005077854200969078
8284.79271843 0.9945806371983493 0.00512986141445764
8284.79295606 0.9984354672960895 0.005057783402676938
8284.7931974 0.9982515656247144 0.005148795378568073
8284.79343931 0.9960473858646218 0.005137426630495843
8284.79368123 0.9991714128346095 0.005153539778904008
8284.79391886 0.9966897684035647 0.00514073991981256
8284.79416228 1.0056341199160994 0.005094249681105252
8284.79440281 0.9946722456789707 0.005130333913913592
8284.79464403 1.0004606230728403 0.005068042252258098
8284.79487877 1.0032288205780002 0.005082065134913545
8284.79511224 1.0020283291640624 0.005075983794909754
8284.79535357 1.0010136508380203 0.005070843729913456
8284.79559549 0.9984354672960895 0.005149743909087126
8284.7958374 1.0020283291640624 0.005075983794909754
8284.79607793 0.9933904944403513 0.00512372288010094
8284.79631626 0.9988953697090682 0.005152115999950871
8284.79655829 1.0004606230728403 0.005068042252258098
8284.79680021 1.0023975580533195 0.005077854200969078
8284.79704154 0.9953137413464087 0.00513364262891251
8284.79728276 0.9988953697090682 0.005152115999950871
8284.79752468 0.9995395890030879 0.005155438762907679
8284.79776521 1.0028592854967178 0.0050801931777745635
8284.79800643 0.9991714128346095 0.005153539778904008
8284.79824915 0.9966897684035647 0.00514073991981256
8284.79848389 1.0010136508380203 0.005163041698905754
8284.79872488 1.0035060612457052 0.005083469555423028
8284.79896611 0.9933904944403513 0.00512372288010094
8284.79920223 0.9959556507347415 0.005136953477806635
8284.79943501 0.9964144108869954 0.00513931967710262
8284.79967623 0.9943058623757628 0.0051284441771745765
8284.79991097 1.0013825058370989 0.005072712241953985
8284.8001523 1.000276348388342 0.005159238830394213
8284.80039352 1.0015669843020976 0.005165895689704021
8284.80063255 0.9954971018007063 0.005226278280902474
8284.80087527 0.9988953697090682 0.005244118909197659
8284.80111939 0.9981596274917243 0.005332191511213506
8284.80136211 1.001751496752416 0.005166847370506938
8284.80159604 0.9939396140282909 0.005218101597612265
8284.80182789 0.9961391294440094 0.005229648873465592
8284.80207027 0.9957722058203878 0.005227722554482428
8284.80231218 0.9995395890030879 0.005155438762907679
8284.80255421 1.0048008643912583 0.005182575440010741
8284.80279544 0.9992634441607651 0.005154014459318355
8284.80303735 1.000829274291425 0.0051620907190688915
8284.80327649 0.9931160484209338 0.00521377794560078
8284.80351702 1.0030440360196398 0.005173514046958916
8284.80375824 0.9952220737845736 0.00522483440633493
8284.80400096 1.000737098753626 0.005161615294837786
8284.80424149 1.0031364240439984 0.0051739905671560615
8284.80452751 0.9959556507347415 0.005228685625263742
8284.80477012 0.9986194028465246 0.005150692614348051
8284.80500995 0.9998158101575928 0.005156863460101003
8284.80525048 0.9997237279589916 0.00515638851729607
8284.80549077 1.001751496752416 0.005166847370506938
8284.80573269 1.0048934142329415 0.005183052794831465
8284.80597611 1.0016592362787007 0.005166371508192219
8284.80621802 1.000829274291425 0.005254271749921984
8284.80645925 0.9956804960343589 0.005227241085614258
8284.80669977 0.9991714128346095 0.0052455681130064895
8284.8069381 0.9926588068710309 0.005211377464899167
8284.80717863 1.0038758346518781 0.00508534271984652
8284.80741996 0.9992634441607651 0.005154014459318355
8284.80766257 1.0029516565041408 0.005080661102406185
8284.8079038 0.9965979741107904 0.005140266461972182
8284.80813853 0.9996316542410835 0.005247984342709495
8284.8083705 0.9983435122259094 0.005241221702592869
8284.80861241 1.0048008643912583 0.005182575440010741
8284.80885433 0.9974244271896067 0.005144529152800169
8284.80909474 0.9947638625974335 0.005130806456890356
8284.80933388 0.9973325652353736 0.005144055345974606
8284.8095744 0.9986194028465246 0.005150692614348051
8284.80981562 0.9986194028465246 0.005150692614348051
8284.81004967 1.0030440360196398 0.005173514046958916
8284.81029089 1.0083237577615514 0.005107874603395702
8284.81053211 1.0011980613511593 0.0050717778998855614
8284.81077484 0.9985274308360345 0.005150218239872843
8284.81101386 0.9996316542410835 0.005063842937494219
8284.81125659 0.9948554879545151 0.005131279043391942
8284.81149711 1.0012902793471379 0.005072245049405752
8284.81173972 0.9980676978261592 0.005147847022758708
8284.81198106 0.9993554839637097 0.005154489183454398
8284.81222298 1.0035060612457052 0.005083469555423028
8284.81246223 1.0028592854967178 0.0050801931777745635
8284.81269627 0.9962308814736819 0.005138373066621214
8284.81292881 0.9959556507347415 0.005136953477806635
8284.81317085 0.9998158101575928 0.005064775817753921
8284.81341299 0.9965979741107904 0.005140266461972182
8284.81365618 0.9976081764824173 0.005145476897379008
8284.81389092 0.9974244271896067 0.005144529152800169
8284.81412277 0.9987113833283402 0.005151167032516776
8284.81436619 1.0035060612457052 0.005175897086896608
8284.8146081 0.9989873756095415 0.005152590549224291
8284.81485083 1.0015669843020976 0.005165895689704021
8284.81509205 1.0028592854967178 0.0050801931777745635
8284.81533327 0.9971488667073553 0.005143107863231097
8284.81557461 0.9971488667073553 0.005143107863231097
8284.81580564 0.9985274308360345 0.005150218239872843
8284.81604744 1.000921458319296 0.005070376709453618
8284.81629005 1.0025822235150692 0.005078789662436621
8284.81653128 0.9949471217509924 0.005131751673422357
8284.81677331 1.0023975580533195 0.005077854200969078
8284.81701453 0.9983435122259094 0.0051492696219868775
8284.81725506 1.0020283291640624 0.005075983794909754
8284.81749697 0.9991714128346095 0.005153539778904008
8284.8177375 0.9985274308360345 0.005150218239872843
8284.81797733 0.9988033722822612 0.005151641494383041
8284.81821936 1.002489886532115 0.005078321910163054
8284.81846197 0.9958639240535893 0.0051364803686943915
8284.8187025 0.9945806371983493 0.00512986141445764
8284.81894303 1.0 0.005157813476952489
8284.81918425 1.000921458319296 0.005162566187090204
8284.81942848 0.9947638625974335 0.005222428835117209
8284.81966889 1.0020283291640624 0.005168275220450585
8284.81991161 0.9972407117415496 0.005143581582786256
8284.82015365 1.000829274291425 0.0051620907190688915
8284.82039487 0.9981596274917243 0.005240256322793447
8284.82062741 0.9969652020147398 0.005233985686829536
8284.82087013 1.0000921076453686 0.005158288551007101
8284.82111205 0.9994475322442236 0.005154963951316163
8284.82135188 1.0020283291640624 0.005168275220450585
8284.8215931 0.9968733823547606 0.0052335036411321235
8284.82183502 0.9960473858646218 0.005229167227185057
8284.82207555 1.00341363917807 0.005083001372135235
8284.82231538 0.9990793899844618 0.0051530651422073285
8284.8225566 0.9937565404474207 0.0052171404763013355
8284.82279782 1.0037833785284218 0.005177327437714795
8284.82303534 0.9913796501832268 0.005204661997015586
8284.82327587 1.0000921076453686 0.005158288551007101
8284.82351929 0.9961391294440094 0.005137899826766031
8284.82376051 0.9974244271896067 0.005144529152800169
8284.82400242 0.9992634441607651 0.005154014459318355
8284.82424515 0.9985274308360345 0.005150218239872843
8284.82448637 0.9974244271896067 0.005144529152800169
8284.8247284 0.9958639240535893 0.0051364803686943915
8284.82496962 1.000737098753626 0.005161615294837786
8284.82521154 0.9959556507347415 0.005136953477806635
8284.825442 0.9954971018007063 0.0051345883679348265
8284.82568252 0.9989873756095415 0.005152590549224291
8284.82592444 0.9978838638941848 0.0051468988416268485
8284.82616786 0.9978838638941848 0.0051468988416268485
8284.82641001 0.9976081764824173 0.005145476897379008
8284.82664845 0.9946722456789707 0.005130333913913592
8284.82689036 1.0001842237745553 0.005158763668819665
8284.82713159 0.9956804960343589 0.005135534281184756
8284.82737211 0.9916536163517898 0.005206100296970323
8284.82761484 1.000276348388342 0.005067108770354341
8284.82785097 0.9945806371983493 0.00512986141445764
8284.828093 1.0000921076453686 0.005158288551007101
8284.82833422 0.9954054173515271 0.005134115476647222
8284.82857544 0.9996316542410835 0.005063842937494219
8284.82881597 1.0019360431943138 0.005075516301054235
8284.82905499 0.9984354672960895 0.005149743909087126
8284.82929633 0.9974244271896067 0.005144529152800169
8284.82953824 0.9990793899844618 0.005061045327550938
8284.82977807 1.0 0.005065708869872343
8284.83001548 0.9970570301320117 0.005142634187305114
8284.8302567 0.9989873756095415 0.005060579209515749
8284.83049364 0.9942142876387368 0.005127971851761794
8284.83073486 1.0025822235150692 0.005078789662436621
8284.83097677 0.9977000638225534 0.005054058062778111
8284.8312188 0.9954054173515271 0.005134115476647222
8284.83146211 0.992933126532483 0.005121363861741812
8284.83170125 0.9891906438898744 0.005193169893194275
8284.83194177 0.9941227213356673 0.005127499569849788
8284.83218369 0.9959556507347415 0.005136953477806635
8284.83241773 0.9943058623757628 0.0051284441771745765
8284.83265537 0.9953137413464087 0.00513364262891251
8284.83289589 0.9962308814736819 0.005046615612721973
8284.83313862 0.9977000638225534 0.005054058062778111
8284.83337834 0.9982515656247144 0.0050568518103490685
8284.83362025 0.9949471217509924 0.005131751673422357
8284.83385789 0.9980676978261592 0.005055920389611044
8284.83409621 0.9993554839637097 0.005062443939270532
8284.83433674 0.9978838638941848 0.005054989140431257
8284.83457727 0.9979757766272392 0.005055454743578346
8284.8348149 0.9973325652353736 0.00505219642192537
8284.83505543 0.9960473858646218 0.005045686077387575
8284.83529665 0.9980676978261592 0.005055920389611044
8284.83553856 0.9960473858646218 0.005045686077387575
8284.83577909 0.9965061882721935 0.005048010236813129
8284.83602043 0.9965979741107904 0.005048475197149838
8284.83626234 0.9945806371983493 0.0050382559556589645
8284.83650067 0.9994475322442236 0.004970856549755842
8284.836739 0.9963226419544177 0.00504708044460314
8284.83697895 1.0011058518483809 0.0049791043752794115
8284.83721658 0.9940311634657776 0.005035472481698114
8284.8374593 0.9954054173515271 0.005042434051796612
8284.83770122 0.9984354672960895 0.004965822939172088
8284.83794395 0.9992634441607651 0.004969940968471312
8284.83818598 0.9988033722822612 0.005059647102228658
8284.8384272 0.9977000638225534 0.005054058062778111
8284.83866333 0.9978838638941848 0.005054989140431257
8284.83890478 0.9948554879545151 0.005039648269572365
8284.8391467 1.0011058518483809 0.0049791043752794115
8284.83938873 0.9954971018007063 0.005042898498524049
8284.83963087 1.0010136508380203 0.004978645803937288
8284.83987117 0.9975162976050281 0.0050531271566200105
8284.84011309 0.992933126532483 0.005029910146265677
8284.84035303 0.9975162976050281 0.0050531271566200105
8284.84059425 1.0004606230728403 0.00497589526266318
8284.84083548 1.0035984918261194 0.004991501780205414
8284.84107751 0.9996316542410835 0.00497177229971221
8284.84131873 0.9993554839637097 0.0049703987380315395
8284.84156064 0.9935735005868445 0.005033154094792891
8284.84180198 0.9984354672960895 0.005057783402676938
8284.8420439 1.000829274291425 0.005069909732005972
8284.84228153 0.9924759692018291 0.005027594320320856
8284.84252275 0.9987113833283402 0.005059181112968851
8284.84276108 0.9987113833283402 0.005059181112968851
8284.84300311 0.9992634441607651 0.005061977692424374
8284.84323924 0.9954971018007063 0.005042898498524049
8284.84348185 0.9983435122259094 0.005057317585062298
8284.84372191 1.0014747408218247 0.004980939083066081
8284.84396313 0.9985274308360345 0.0050582492631969424
8284.84420505 1.000921458319296 0.0049781872748292
8284.84444639 0.9955887946947242 0.005043362988030579
8284.84468761 1.0011980613511593 0.004979562988859463
8284.84492524 1.0 0.004973604305764768
8284.84516646 0.9995395890030879 0.004971314403648104
8284.84540919 0.9989873756095415 0.005060579209515749
8284.84564972 1.0004606230728403 0.005068042252258098
8284.84588445 1.0011058518483809 0.0049791043752794115
8284.84611838 0.9948554879545151 0.005039648269572365
8284.84635393 0.9985274308360345 0.0050582492631969424
8284.84658358 0.9988033722822612 0.005059647102228658
8284.84682549 0.9951304146652443 0.00504104096824947
8284.84706973 0.9955887946947242 0.005043362988030579
8284.84731072 0.9999079008376685 0.005065242322328812
8284.84755263 0.9980676978261592 0.005055920389611044
8284.84779385 1.0005527731451154 0.005068509057696581
8284.84803658 0.9991714128346095 0.005061511488519162
8284.8482778 0.9938480730224307 0.005034544998815264
8284.84851474 1.0011058518483809 0.0049791043752794115
8284.84875596 0.9961391294440094 0.005046150823651432
8284.84899429 0.9985274308360345 0.0050582492631969424
8284.84923701 1.001751496752416 0.004982315557554116
8284.84947847 1.0029516565041408 0.004988284677262899
8284.84971656 0.9988033722822612 0.005059647102228658
8284.84995929 0.9976081764824173 0.005053592588264154
8284.85020051 0.9979757766272392 0.005055454743578346
8284.85044173 0.9942142876387368 0.005036400135445361
8284.85068631 0.9982515656247144 0.0050568518103490685
8284.85092822 0.9912883449478925 0.005112880385118167
8284.85116586 0.9979757766272392 0.005055454743578346
8284.85140349 0.9963226419544177 0.00504708044460314
8284.85164471 0.9958639240535893 0.005044756713264144
8284.85188454 0.9983435122259094 0.005057317585062298
8284.85212576 0.9949471217509924 0.00504011245970796
8284.85236699 0.9973325652353736 0.00505219642192537
8284.8526111 0.9956804960343589 0.005043827520320145
8284.85285163 0.9968733823547606 0.0050498703351341545
8284.85309285 0.9978838638941848 0.005054989140431257
8284.85333557 0.992567383826437 0.005028057400195568
8284.85357761 0.9989873756095415 0.004968567912736261
8284.85381153 0.9939396140282909 0.005035008718900606
8284.85404049 0.9978838638941848 0.0049630794821173005
8284.85427858 0.9954971018007063 0.005042898498524049
8284.8545198 0.9978838638941848 0.0049630794821173005
8284.85475964 0.9972407117415496 0.004959880697801692
8284.85500155 0.9990793899844618 0.004969025555827556
8284.85524358 0.9946722456789707 0.005038720017551805
8284.85548411 0.9907406901006316 0.005018803901586216
8284.85572603 0.9974244271896067 0.004960794425745185
8284.85596435 0.9968733823547606 0.004958053746781924
8284.85620557 0.9952220737845736 0.005041505286663262
8284.85644761 0.9933904944403513 0.00503222703893336
8284.85668883 0.9938480730224307 0.005034544998815264
8284.85692067 0.9999079008376685 0.004973146240974438
8284.85716189 0.9954971018007063 0.005042898498524049
8284.85740323 0.9943058623757628 0.005036864026402971
8284.85764515 0.9980676978261592 0.004963993799352914
8284.85788637 0.992110394887747 0.0050257424272754135
8284.85812898 0.9939396140282909 0.005035008718900606
8284.85837101 0.9990793899844618 0.004969025555827556
8284.85861223 0.9993554839637097 0.0049703987380315395
8284.85885415 1.0003684814875096 0.004975436986877639
8284.85909618 0.9988953697090682 0.00506011313440964
8284.8593367 0.9901021418380563 0.0051067621707318505
8284.85957931 0.9998158101575928 0.004972688218371492
8284.85981984 0.9972407117415496 0.0050517311188669764
8284.86006118 0.9966897684035647 0.005048940200312949
8284.86030379 0.995038763987643 0.005040576692599016
8284.86054212 0.9954054173515271 0.005042434051796612
8284.86077685 0.9958639240535893 0.005044756713264144
8284.86100882 0.9954054173515271 0.005042434051796612
8284.86124529 0.9961391294440094 0.005046150823651432
8284.86148663 0.9955887946947242 0.005043362988030579
8284.86172496 1.0035984918261194 0.004991501780205414
8284.86196618 0.9970570301320117 0.005050800641308307
8284.86220809 0.9996316542410835 0.00497177229971221
8284.86244943 0.9980676978261592 0.005055920389611044
8284.86269065 0.997791959626216 0.0050545235801658294
8284.86293407 0.9980676978261592 0.005055920389611044
8284.8631746 0.9973325652353736 0.00505219642192537
8284.86341582 1.0011058518483809 0.005071310793389451
8284.86365773 0.9946722456789707 0.005038720017551805
8284.86389467 0.9987113833283402 0.005059181112968851
8284.8641352 0.9988033722822612 0.005059647102228658
8284.86437642 0.9984354672960895 0.005057783402676938
8284.86461741 0.9966897684035647 0.005048940200312949
8284.86485933 0.9984354672960895 0.005057783402676938
8284.86509985 1.000921458319296 0.005070376709453618
8284.86534107 0.9931160484209338 0.005030836775298495
8284.86558311 0.9959556507347415 0.005045221373926461
8284.86582433 0.9958639240535893 0.005044756713264144
8284.86606265 1.000644931705117 0.005068975906131415
8284.86630457 0.9917449552314132 0.005115235495792225
8284.8665466 0.9988953697090682 0.00506011313440964
8284.86678921 0.9989873756095415 0.005060579209515749
8284.86703124 0.9965061882721935 0.005048010236813129
8284.86727177 1.0010136508380203 0.004978645803937288
8284.8675123 0.9914709638284714 0.005022503255686769
8284.86775352 0.9992634441607651 0.005061977692424374
8284.86799543 0.9974244271896067 0.005052661767841732
8284.86823978 0.9932990040079455 0.0050317635750384134
8284.868481 1.0003684814875096 0.004975436986877639
8284.86872002 0.9973325652353736 0.00505219642192537
8284.86896136 0.9998158101575928 0.004972688218371492
8284.86920258 1.0001842237745553 0.0049745205619231205
8284.8694438 0.992750238336386 0.005120420558539207
8284.86968502 0.9965061882721935 0.005048010236813129
8284.86991756 1.0010136508380203 0.004978645803937288
8284.87015809 0.9961391294440094 0.005046150823651432
8284.87039931 0.9938480730224307 0.005034544998815264
8284.87064053 0.9980676978261592 0.005055920389611044
8284.87088187 0.9836486494436 0.005164074876086686
8284.87112309 0.9960473858646218 0.005045686077387575
8284.87136373 1.002766922996587 0.0049873658858943124
8284.87160079 0.9938480730224307 0.005034544998815264
8284.8718427 0.9930245832647763 0.005030373439445664
8284.87208392 0.9931160484209338 0.005030836775298495
8284.87231866 0.9971488667073553 0.005051265858662604
8284.87256 0.992933126532483 0.005029910146265677
8284.87280261 0.9989873756095415 0.005060579209515749
8284.87304383 0.9975162976050281 0.0050531271566200105
8284.87328436 1.002766922996587 0.0049873658858943124
8284.87352419 0.9946722456789707 0.005038720017551805
8284.87376692 0.9987113833283402 0.005059181112968851
8284.87401034 0.9943974455475224 0.005037327960088485
8284.87425225 0.9972407117415496 0.0050517311188669764
8284.87449266 0.9979757766272392 0.005055454743578346
8284.87473469 0.9992634441607651 0.005061977692424374
8284.87497534 0.9972407117415496 0.0050517311188669764
8284.8752176 0.9978838638941848 0.005054989140431257
8284.87545859 0.9968733823547606 0.0050498703351341545
8284.87569703 0.9983435122259094 0.005057317585062298
8284.87593895 0.9993554839637097 0.005062443939270532
8284.87617438 0.9987113833283402 0.005059181112968851
8284.8764156 0.9933904944403513 0.00503222703893336
8284.87665763 0.9913796501832268 0.005113351320491491
8284.87689886 1.000921458319296 0.005070376709453618
8284.87713649 1.000737098753626 0.005069442797566558
8284.8773784 0.9957722058203878 0.005044292095396687
8284.87761685 0.9965061882721935 0.005048010236813129
8284.87785737 0.9970570301320117 0.005050800641308307
8284.8780979 0.9986194028465246 0.005150692614348051
8284.87833982 0.9916536163517898 0.005114764386887934
8284.87858023 0.9993554839637097 0.005062443939270532
8284.87882145 0.9961391294440094 0.005046150823651432
8284.87906417 0.9976081764824173 0.005053592588264154
8284.87930609 0.9981596274917243 0.005056386078533302
8284.87954731 0.9951304146652443 0.00504104096824947
8284.87978714 0.9960473858646218 0.005045686077387575
8284.88002478 0.9965061882721935 0.005048010236813129
8284.88026681 0.9944890371547921 0.005037791936505836
8284.88050803 0.9981596274917243 0.005056386078533302
8284.88074925 1.000829274291425 0.00497772878795126
8284.88099117 0.9974244271896067 0.005052661767841732
8284.8812288 0.9990793899844618 0.004969025555827556
8284.88146932 0.9984354672960895 0.004965822939172088
8284.88170777 0.9971488667073553 0.005051265858662604
8284.881952 0.992750238336386 0.005028983687908514
8284.88219322 0.9959556507347415 0.005045221373926461
8284.88243444 0.9974244271896067 0.004960794425745185
8284.88267636 0.9975162976050281 0.004961251352838898
8284.88291839 0.9976081764824173 0.005053592588264154
8284.88315891 0.9989873756095415 0.004968567912736261
8284.88339863 0.9986194028465246 0.005058715166626262
8284.88364136 0.9975162976050281 0.0050531271566200105
8284.88388258 0.992750238336386 0.005028983687908514
8284.8841238 0.9958639240535893 0.005044756713264144
8284.88436433 0.9960473858646218 0.004953945567082023
8284.8845986 0.991927658230462 0.005024816736569754
8284.88483971 1.0013825058370989 0.004980480342748907
8284.88508162 0.9984354672960895 0.004965822939172088
8284.88532284 0.9962308814736819 0.004954858201633333
8284.88556383 0.9976081764824173 0.004961708322019089
8284.88580575 0.9959556507347415 0.004953489312845061
8284.88604697 0.9957722058203878 0.005044292095396687
8284.8862897 0.9948554879545151 0.005039648269572365
8284.88653092 1.0000921076453686 0.004974062412746366
8284.88677295 0.9988033722822612 0.004967652752995424
8284.88701417 0.9978838638941848 0.0049630794821173005
8284.88725609 0.9988033722822612 0.004967652752995424
8284.88749951 0.9983435122259094 0.004965365591039103
8284.88778055 0.9995395890030879 0.004971314403648104
8284.88800799 0.9936650163024842 0.0050336176867653406
8284.88824921 0.9997237279589916 0.005064309356143709
8284.88849055 0.9916536163517898 0.005023428520194246
8284.88873177 0.9988033722822612 0.005059647102228658
8284.88896964 0.9963226419544177 0.00504708044460314
8284.88921097 0.9999079008376685 0.004973146240974438
8284.88945219 0.9988033722822612 0.005059647102228658
8284.88969341 0.9954054173515271 0.005042434051796612
8284.88993464 0.9969652020147398 0.00505033546680014
8284.89017736 0.9992634441607651 0.005061977692424374
8284.89041928 0.9996316542410835 0.005063842937494219
8284.89065691 0.9972407117415496 0.0050517311188669764
8284.89089524 0.9938480730224307 0.005034544998815264
8284.89113727 0.9989873756095415 0.005060579209515749
8284.89137849 0.9966897684035647 0.005048940200312949
8284.89162041 0.9975162976050281 0.0050531271566200105
8284.89186174 0.9978838638941848 0.005054989140431257
8284.89210227 0.9998158101575928 0.005064775817753921
8284.8923428 0.9947638625974335 0.005039184122188291
8284.89258286 1.0005527731451154 0.005068509057696581
8284.89282408 0.9989873756095415 0.005060579209515749
8284.8930675 0.9935735005868445 0.005033154094792891
8284.89330953 0.9963226419544177 0.00504708044460314
8284.89355237 0.9964144108869954 0.005047545319298879
8284.89379267 0.9974244271896067 0.005052661767841732
8284.8940347 0.9934819932997258 0.005124194814150947
8284.89427662 0.9972407117415496 0.0050517311188669764
8284.89451784 0.9967815711512953 0.005049405246306406
8284.89476056 0.9938480730224307 0.005034544998815264
8284.89500178 0.9949471217509924 0.00504011245970796
8284.89524301 1.0020283291640624 0.005075983794909754
8284.89548504 0.9975162976050281 0.0050531271566200105
8284.89571607 0.9969652020147398 0.00505033546680014
8284.89595706 0.9976081764824173 0.005053592588264154
8284.8961918 0.997791959626216 0.0050545235801658294
8284.89642446 0.9953137413464087 0.005041969647844329
8284.89666498 0.9962308814736819 0.005046615612721973
8284.89690551 0.9993554839637097 0.005062443939270532
8284.89714025 0.9939396140282909 0.005126555136512074
8284.89737279 0.9967815711512953 0.005049405246306406
8284.89761112 0.9978838638941848 0.005054989140431257
8284.89785164 0.9959556507347415 0.005045221373926461
8284.89809356 1.0025822235150692 0.004986447263757762
8284.89833489 0.9959556507347415 0.005045221373926461
8284.89857751 0.9940311634657776 0.00512702733143455
8284.89881664 0.9973325652353736 0.00505219642192537
8284.89905786 0.9998158101575928 0.005064775817753921
8284.89929978 1.0011058518483809 0.005071310793389451
8284.89954459 0.9979757766272392 0.005055454743578346
8284.8997872 0.9996316542410835 0.005063842937494219
8284.90002992 0.9972407117415496 0.0050517311188669764
8284.90027115 1.0043382430235857 0.005087685146036582
8284.90051318 0.9959556507347415 0.005045221373926461
8284.90075 1.001751496752416 0.0050745814425066085
8284.90099076 0.9992634441607651 0.005061977692424374
8284.90123267 0.9965061882721935 0.005048010236813129
8284.90147251 0.9988033722822612 0.005059647102228658
8284.90171373 0.9963226419544177 0.00504708044460314
8284.90195576 0.9973325652353736 0.00505219642192537
8284.90219675 0.9966897684035647 0.005048940200312949
8284.90243808 0.9994475322442236 0.005062910229061588
8284.90267711 0.9986194028465246 0.005058715166626262
8284.90291393 1.0001842237745553 0.005066642093881149
8284.90315584 0.9972407117415496 0.0050517311188669764
8284.90339151 0.9963226419544177 0.0051388463500654045
8284.90362336 0.9964144108869954 0.00513931967710262
8284.90386458 0.9983435122259094 0.005057317585062298
8284.90410661 0.9932075220017315 0.005122779142391116
8284.90434852 0.9965979741107904 0.005140266461972182
8284.90459044 0.9973325652353736 0.005144055345974606
8284.90483305 0.9962308814736819 0.005138373066621214
8284.90507358 0.997791959626216 0.005146424816554931
8284.90531549 0.9939396140282909 0.005126555136512074
8284.90555822 0.9968733823547606 0.005141686966324595
8284.90579666 0.9966897684035647 0.00514073991981256
8284.90603719 0.9945806371983493 0.00512986141445764
8284.90626845 1.0001842237745553 0.005066642093881149
8284.90651118 0.9957722058203878 0.005136007303155104
8284.90675298 0.9932075220017315 0.005122779142391116
8284.9069942 0.9956804960343589 0.005135534281184756
8284.90723612 0.9976081764824173 0.005053592588264154
8284.90747815 1.000644931705117 0.005068975906131415
8284.90772076 0.9962308814736819 0.005138373066621214
8284.90796348 1.000829274291425 0.005069909732005972
8284.90819394 0.9968733823547606 0.005141686966324595
8284.90843447 0.9967815711512953 0.0051412134212620265
8284.9086699 0.9970570301320117 0.005142634187305114
8284.90890174 1.000644931705117 0.005068975906131415
8284.90914158 0.9941227213356673 0.005127499569849788
8284.90938349 0.9932990040079455 0.005123250989515665
8284.90962113 1.0025822235150692 0.005078789662436621
8284.90986073 0.9975162976050281 0.005145003003266964
8284.91010264 0.991927658230462 0.005116177843783
8284.91034386 0.9996316542410835 0.005063842937494219
8284.9105815 1.0013825058370989 0.005072712241953985
8284.91082272 0.9933904944403513 0.00512372288010094
8284.91106475 1.0029516565041408 0.005080661102406185
8284.91130597 0.9989873756095415 0.005152590549224291
8284.91154001 0.9965061882721935 0.005139793047736874
8284.91178413 1.0004606230728403 0.005160189284845379
8284.91202604 0.9977000638225534 0.005145950835140324
8284.91226588 0.9998158101575928 0.005064775817753921
8284.9125093 0.9990793899844618 0.0051530651422073285
8284.91275121 0.9997237279589916 0.00515638851729607
8284.91299324 0.9999079008376685 0.005157338446651799
8284.91323064 0.9960473858646218 0.005137426630495843
8284.91346249 1.0014747408218247 0.005073179477534223
8284.91370522 1.00341363917807 0.005083001372135235
8284.91394574 0.9996316542410835 0.005063842937494219
8284.91418048 0.992933126532483 0.005121363861741812
8284.91440874 1.000737098753626 0.005069442797566558
8284.91464348 0.9969652020147398 0.00505033546680014
8284.91487532 0.9951304146652443 0.005132697064085715
8284.91511585 0.9963226419544177 0.00504708044460314
8284.91535707 0.9946722456789707 0.005130333913913592
8284.9155976 0.9976081764824173 0.005053592588264154
8284.91583951 0.9987113833283402 0.005059181112968851
8284.91608154 0.9994475322442236 0.005062910229061588
8284.91632415 1.0004606230728403 0.005068042252258098
8284.91656688 0.9989873756095415 0.005060579209515749
8284.91680625 0.9995395890030879 0.005063376561801499
8284.91704747 0.9961391294440094 0.005137899826766031
8284.91728939 1.0 0.005065708869872343
8284.91753142 1.0013825058370989 0.005072712241953985
8284.91777553 0.9980676978261592 0.005055920389611044
8284.91801606 1.000644931705117 0.005068975906131415
8284.91825878 0.9985274308360345 0.0050582492631969424
8284.9185007 0.9991714128346095 0.005061511488519162
8284.91874262 1.0016592362787007 0.0050741140778065704
8284.91898395 1.0053562913252823 0.0050002443793631226
8284.91922517 0.9939396140282909 0.005126555136512074
8284.91946859 0.9995395890030879 0.005063376561801499
8284.91970981 1.0078595144150302 0.005012694420500582
8284.91994386 1.0003684814875096 0.005067575489812005
8284.92017501 0.9944890371547921 0.005129388958518491
8284.92041635 0.9905582057290556 0.005200349480884662
8284.92065109 0.9968733823547606 0.005141686966324595
8284.92087923 0.9997237279589916 0.005064309356143709
8284.92111107 0.9948554879545151 0.005131279043391942
8284.92134512 0.9979757766272392 0.005055454743578346
8284.92157696 0.9984354672960895 0.005057783402676938
8284.92181899 1.002120623634054 0.005076451331825032
8284.92206033 1.0011980613511593 0.0050717778998855614
8284.92230144 0.9965061882721935 0.005048010236813129
8284.92254347 0.9908319448927675 0.005110526358762962
8284.92278538 0.9960473858646218 0.005045686077387575
8284.92302302 0.9954971018007063 0.005042898498524049
8284.92325706 0.9953137413464087 0.005041969647844329
8284.92349828 1.001843765724026 0.005075048850254509
8284.92373973 0.9984354672960895 0.005057783402676938
8284.92398165 0.9997237279589916 0.005064309356143709
8284.92421998 0.9997237279589916 0.005064309356143709
8284.92445761 0.995038763987643 0.005040576692599016
8284.92469883 0.9964144108869954 0.005047545319298879
8284.92493797 1.0043382430235857 0.0049951810099463255
8284.92518069 0.9953137413464087 0.005041969647844329
8284.92542192 0.9939396140282909 0.005035008718900606
8284.92566383 0.9977000638225534 0.005054058062778111
8284.92590505 0.9938480730224307 0.005034544998815264
8284.92614639 0.9958639240535893 0.005044756713264144
8284.92638761 0.9945806371983493 0.0050382559556589645
8284.92662374 0.9964144108869954 0.005047545319298879
8284.92686496 0.9970570301320117 0.005050800641308307
8284.92710549 0.9908319448927675 0.005110526358762962
8284.92734578 0.9999079008376685 0.005065242322328812
8284.92758839 0.9996316542410835 0.005063842937494219
8284.92783181 1.0042457443127055 0.0050872165744964256
8284.92807384 0.9988953697090682 0.00506011313440964
8284.92831576 0.9987113833283402 0.005059181112968851
8284.92855628 0.9946722456789707 0.005038720017551805
8284.92879832 0.9945806371983493 0.0050382559556589645
8284.92903954 0.9967815711512953 0.005049405246306406
8284.92927428 1.0005527731451154 0.005068509057696581
8284.92950612 1.0001842237745553 0.005066642093881149
8284.92974734 0.9995395890030879 0.005063376561801499
8284.92998856 0.9986194028465246 0.005058715166626262
8284.93023129 0.997791959626216 0.0050545235801658294
8284.93046892 0.9958639240535893 0.005044756713264144
8284.93071257 0.9954971018007063 0.005042898498524049
8284.93095102 0.9936650163024842 0.005125138812661167
8284.93119293 0.991927658230462 0.005116177843783
8284.93143276 0.9979757766272392 0.005055454743578346
8284.93167537 1.000644931705117 0.005068975906131415
8284.93191671 0.9912883449478925 0.005112880385118167
8284.93215712 0.992567383826437 0.005119477429083471
8284.93239557 0.992110394887747 0.005117120365376677
8284.93263748 0.9934819932997258 0.005124194814150947
8284.93287951 0.9990793899844618 0.005061045327550938
8284.93312143 0.9996316542410835 0.005063842937494219
8284.93335906 1.0048008643912583 0.004997481905572521
8284.93359959 1.0010136508380203 0.005070843729913456
8284.93383861 0.9954054173515271 0.005134115476647222
8284.93407983 1.000737098753626 0.005069442797566558
8284.93432244 0.997791959626216 0.005146424816554931
8284.93456447 0.9922931652094689 0.00511806306060524
8284.93480569 0.9938480730224307 0.0051260829850783545
8284.93504691 1.0067462022664035 0.005007157246404511
8284.93528906 0.988735209639385 0.005099711789415464
8284.93552935 1.002766922996587 0.005079725296238408
8284.93576988 0.9973325652353736 0.005144055345974606
8284.93600971 0.9966897684035647 0.00514073991981256
8284.93625093 1.0016592362787007 0.0050741140778065704
8284.93649297 1.000644931705117 0.005068975906131415
8284.9367306 1.0029516565041408 0.005080661102406185
8284.93696893 0.9993554839637097 0.005062443939270532
8284.93721015 1.0032288205780002 0.005082065134913545
8284.93745218 1.0011980613511593 0.0050717778998855614
8284.93769467 1.0032288205780002 0.00517446713124436
8284.93793728 0.991562285884401 0.005205620819493961
8284.93817862 0.9992634441607651 0.005154014459318355
8284.93841405 1.0033212256224295 0.0050825332319667325
8284.93864659 1.0016592362787007 0.0050741140778065704
8284.93888851 1.0039682992912502 0.005085811118790337
8284.93912985 0.9962308814736819 0.005138373066621214
8284.93937118 0.9965979741107904 0.005140266461972182
8284.93961252 0.9999079008376685 0.005157338446651799
8284.93985004 0.9944890371547921 0.005129388958518491
8284.94009137 0.9984354672960895 0.005149743909087126
8284.94033398 1.002120623634054 0.005168751258111757
8284.94057532 0.9933904944403513 0.005215218764733218
8284.94081724 0.9992634441607651 0.005154014459318355
8284.94105302 0.9966897684035647 0.00514073991981256
8284.94129574 1.0039682992912502 0.005178281224517479
8284.94153766 0.9940311634657776 0.005218582224663715
8284.94177101 1.0030440360196398 0.005173514046958916
8284.94200436 0.9995395890030879 0.005247501007747604
8284.94224558 1.0014747408218247 0.005165419915038307
8284.9424868 0.9960473858646218 0.005229167227185057
8284.94272802 0.9999079008376685 0.005249434614724645
8284.94296924 1.0060046774724964 0.005188784483344884
8284.94320907 0.9964144108869954 0.005231094078503367
8284.94345319 1.0031364240439984 0.005266384097231537
8284.94369591 0.9971488667073553 0.005326792004034656
8284.94393644 0.9942142876387368 0.00531111541567374
8284.94417616 0.9944890371547921 0.005312583133859159
8284.94441668 0.9942142876387368 0.00531111541567374
8284.9446608 0.9958639240535893 0.005411651599535229
